Ticker,ABCB,ABTX,AJX,ARI,AXP,BAC,BBT,BK,BOKF,C,CFG,CFR,CIT,CMA,CNND,COF,DFS,EWBC,FCNCA,FFIN,FHB,FITB,FMAO,FMBH,FNB,GBCI,GS,HBAN,HBHC,HOMB,HTH,IBKR,IBOC,ISBC,JPM,KEY,LARK,MBWM,MCBC,MS,MTB,NAVI,NKSH,NTRS,OPY,PACW,PBCT,PGC,PNC,PNFP,RF,SCHW,SFBC,SIVB,SLFC,SRCE,STBA,STT,SYF,TFSL,TSC,UMBF,USB,WAL,WFC,WSBC,ZION
ABCB,1.0,0.9996708935935474,0.9878076766779565,0.9094627730373629,0.9377726149945427,0.9905310904986904,0.9965457342963179,0.9886087328230875,0.9831493579608562,0.987735273364462,0.9986910109312328,0.993136071595425,0.9990007966990029,0.9975481185455005,0.9986114152484009,0.9909602687403131,0.9955301754089745,0.9988704172726662,0.9934226298810713,0.9842454398045573,0.9939507775994041,0.9889887915613458,0.9984241285370529,0.9982617905648783,0.9986673709794535,0.9935228649567671,0.9688964758691613,0.9967590473064513,0.9970470070227305,0.9991051976195002,0.9961614287834482,0.9871830669484739,0.9925239468169545,0.9987744562159218,0.9878332139637236,0.9904637518927178,0.9949501678361892,0.9995807066090059,0.9989833954001222,0.9470617364940663,0.9986591938725642,0.9942108134559893,0.9863122490745793,0.9886017362701375,0.8978068803563926,0.9951098553756484,0.9992858783708427,0.9991008619670343,0.9972185015702251,0.9994140531441691,0.9985567993014207,0.9436585466570605,0.9988087502302092,0.9820109174268046,0.9928006921368102,0.9990490215834584,0.9993311316435819,0.9877878466623264,0.9968765730576653,0.9986138970612412,0.9979808324305682,0.9915917466682395,0.9948824723162327,0.99858971510318,0.9930444033101203,0.9986783439184916,0.9976692669638881
ABTX,0.9996708935935474,0.9999999999999998,0.9887176887963235,0.915457268430338,0.9400735765564867,0.9928791078026467,0.9977025877203437,0.9908354624730511,0.9859720054057008,0.9903594913036234,0.9995034847411299,0.9950765924349908,0.999469690468652,0.9983633486930815,0.9987675284539264,0.9924830745266054,0.9954123685590252,0.9994197723944371,0.9951728282386265,0.9867449417177672,0.9958079675755812,0.9913312638661438,0.9990163791277883,0.9991334984593397,0.9995074967682618,0.9952192201074331,0.9728571496114484,0.9980186914325382,0.998361993197008,0.9993536458013266,0.994584879554392,0.9899070857882959,0.9938429138493202,0.999552424026677,0.9903623326141948,0.9926397213623895,0.9962055757514107,0.9996405868773042,0.999473079093426,0.9520240610162024,0.9981336832161388,0.9938790948799743,0.9888113936906254,0.9910058133134125,0.8907951228983677,0.9970865899957863,0.9998845607300102,0.9995432218769328,0.9981904060983692,0.9998994278357715,0.9993313399995457,0.9493137589788065,0.9983292566052432,0.985115644293676,0.9901818311669864,0.9994688307577407,0.9993325178779308,0.9902666316096751,0.9952082163941233,0.9984180636585709,0.9983034415637483,0.9936448599401824,0.996206414024708,0.9993043874757659,0.9948841794461407,0.9992429460977202,0.9987553149654371
AJX,0.9878076766779565,0.9887176887963235,0.9999999999999998,0.950235344682347,0.9503068622118258,0.9862071269504326,0.9916985133773597,0.986551261345943,0.9849263816387729,0.9840649915352218,0.9895281936483525,0.9877395590847434,0.9849653979405025,0.9851108341159965,0.9833455591595794,0.990837705923623,0.9807021813067902,0.9860984350708124,0.9854903005259963,0.98961097226657,0.990388605474018,0.9870635484573612,0.990132438371916,0.9901515827897718,0.9910710416921489,0.9906955923785769,0.9727603638897779,0.9877203123150297,0.9881350520571895,0.9924513851203506,0.9856037708994612,0.9803129461156651,0.9910407523658725,0.9875186831241256,0.983541488989606,0.9869045791765954,0.988866851000961,0.984577146461125,0.984829284765206,0.9587826230966116,0.9820603534414662,0.9672418967750839,0.988345640451246,0.9826799110111449,0.8992506109121826,0.9865318618600786,0.9886348544096069,0.9840348155825844,0.9889787478320883,0.9904513697597727,0.9895731782958164,0.9572099264860586,0.9806237384602142,0.9800040496292511,0.9814365856599189,0.9895179268535609,0.9868174183504463,0.9840418130232994,0.9820245880714844,0.9823779235410407,0.9789383381932718,0.9864050386158222,0.9860033844054276,0.986074437292903,0.9861678069708746,0.993287200819201,0.9869912531037857
ARI,0.9094627730373629,0.915457268430338,0.950235344682347,1.0000000000000002,0.968983800297852,0.9465947996305321,0.9380578319305355,0.950607059457598,0.9597003403191859,0.9491975057474831,0.9251161619746677,0.9418755200692877,0.912827028818276,0.9157131688014304,0.9102488688071375,0.9496417269390017,0.9083845564358944,0.9129604758333397,0.9364949310022905,0.963280062427403,0.945031202945116,0.9500320580683541,0.9228358426473803,0.928570065949789,0.9273329580434985,0.9464783746890633,0.9661715783415086,0.931608245564993,0.9304363128846834,0.9219204892517415,0.9124944623003005,0.9443871587996102,0.9368354527550967,0.9196848678858552,0.9484169682702069,0.947234898466976,0.9396724737807877,0.9061259744576015,0.9127743656165456,0.9775413816788787,0.892766800473515,0.8697674796398736,0.9541033417375064,0.9451160013896456,0.8439390308187469,0.9234782966972199,0.9190570549540942,0.9082902566536926,0.9265613196795478,0.91966880418118,0.9266303347568826,0.9807972472706913,0.8912283701067716,0.9561121237043206,0.9014237603825607,0.9208149767938896,0.9058071945743811,0.9492872600959558,0.8977523992385531,0.8930787962449784,0.8963770475663372,0.9446100320654255,0.9293484454620575,0.9188764294306271,0.9384249882713882,0.9262301122302242,0.9249010206712514
AXP,0.9377726149945427,0.9400735765564867,0.9503068622118258,0.968983800297852,1.0,0.9680173277918412,0.9598001506397458,0.9733184236609249,0.9783642845563341,0.9712702374764934,0.9490956863171287,0.9645502108669999,0.9415572755630537,0.9458919802561252,0.9452682354894208,0.9721170066145949,0.9497534956421387,0.9412625626859957,0.9634009668722854,0.9776907481748799,0.9630821967907378,0.9713651361760597,0.9487328885423085,0.9525429410689755,0.9483475661532932,0.9662744159398416,0.9846278313220762,0.9558661980906993,0.9543994461401881,0.9441159887354318,0.9529103635423359,0.9665725597217804,0.9592323520452822,0.945759158522855,0.9717001598338801,0.9698163627231343,0.9648884996322005,0.9354592608112979,0.9399666769580513,0.990080206778925,0.9263033275009818,0.9084507513162331,0.9721597326652814,0.9704211203631977,0.9247400387809466,0.937675686944586,0.9428126840500011,0.9370506333733709,0.9528959364599484,0.9421460827024906,0.9509343683512095,0.9857696101098667,0.924804352656393,0.9768591908446325,0.9458724203476356,0.9478291479599891,0.9333044649915628,0.9726699061051552,0.940313211000045,0.921179905884685,0.9271646639386547,0.9680933251925644,0.9586207855462023,0.9445645344695555,0.9644051006784338,0.9458203503430175,0.9515307494352279
BAC,0.9905310904986904,0.9928791078026467,0.9862071269504326,0.9465947996305321,0.9680173277918412,1.0,0.9981398397114101,0.9995885266439972,0.9984551966994942,0.9997817005950588,0.9960784647346146,0.9997632341606859,0.9934393677463619,0.9951995582459789,0.9938429286859393,0.998346537934412,0.9923614244028369,0.9939484061534889,0.999470991659287,0.9975930112478665,0.9991958258625293,0.9996671482517923,0.9952999822801105,0.9968501161170549,0.9956432955647814,0.9992991845477613,0.9933719015835132,0.9979378103584831,0.9978690508211004,0.9930423239627157,0.9878013579712958,0.9986771281932182,0.9958957752506968,0.995502726431582,0.9997631141364874,0.9998919850892208,0.9989450441886725,0.9912055466468195,0.9932330373326327,0.9811767483988927,0.9866463585551998,0.9800233843293169,0.9982107200894651,0.999736119663959,0.889027479404254,0.9932683004772372,0.9941459232643709,0.9925177311407005,0.9969074296878743,0.9936180393540177,0.996304143224726,0.9793289547215515,0.98645822864664,0.998484159962291,0.9804128767118031,0.9949976034394045,0.99007432198831,0.9997214209713405,0.9853376825515276,0.9859506287454158,0.9890857438952348,0.9999241009800345,0.9981340561041232,0.9947773749346117,0.9995458011359315,0.9938482514311011,0.9972219153526377
BBT,0.9965457342963179,0.9977025877203437,0.9916985133773597,0.9380578319305355,0.9598001506397458,0.9981398397114101,0.9999999999999997,0.9973711803785238,0.9947107246903663,0.9967865219038615,0.9992379884927101,0.9990696075244323,0.9973733617959815,0.9975594345630665,0.9972082554805012,0.9981213756278279,0.994981862042219,0.9975141179921293,0.9987129515770093,0.99526508388561,0.9994858965367214,0.9975288333109429,0.9986705467040118,0.9995980200005538,0.9991937234259067,0.9994749830691292,0.9856277388418715,0.9994487488515572,0.9994528189754689,0.9980528092679031,0.9940103841041493,0.9956753560751106,0.996955830653753,0.9985968297758707,0.9967810953076393,0.9981671288994538,0.9995952063259874,0.9962518143512263,0.9972157670625614,0.9701191536254639,0.9929896088045996,0.9859648390974214,0.9958744777126608,0.9969118135882546,0.8985562412117863,0.9958668913033574,0.9982718120426397,0.9966508783863725,0.9989382162406311,0.9982049340096361,0.9993870608365583,0.9677005338538053,0.9928117951874145,0.9937549726463857,0.9885120451076466,0.9987252315861013,0.9956837855931225,0.9968185028970816,0.9921675866792472,0.9925877637023859,0.9937185584846928,0.998536833254804,0.9984471736041749,0.9980975698676385,0.9987082434646685,0.9984651671610896,0.999119483147612
BK,0.9886087328230875,0.9908354624730511,0.986551261345943,0.950607059457598,0.9733184236609249,0.9995885266439972,0.9973711803785238,1.0,0.9993725459591196,0.9997201998368226,0.9944653044467042,0.9992165769080077,0.9911263224136799,0.9938521419816675,0.992289121416738,0.9990908776350286,0.9919590062158278,0.9921558472051253,0.9988926014178899,0.9987760137035097,0.9983441473802263,0.9999264608481293,0.9943175093164355,0.995563225147219,0.9939950357439589,0.9989096890766119,0.9950333357843598,0.9964261724662109,0.9963912070813792,0.9918302185998762,0.987864802300603,0.99761149870193,0.9964536675327449,0.9937380556036389,0.9997037909231796,0.9998445467689597,0.9984350851998723,0.9887851200113785,0.990749285291328,0.9841571332721762,0.9844666021963127,0.9758750263820121,0.9991680359015885,0.9995458019151199,0.8973213346438611,0.9903661666921315,0.992069114470028,0.9900482002642497,0.9960913855605876,0.9918183061425053,0.9947547427752353,0.9817209366101365,0.9838198472550774,0.9987290047834659,0.9808309200516033,0.9937683944266522,0.9880854763501559,0.999817471494991,0.9847162639341747,0.9830575649920504,0.9858485819655797,0.9995550992265753,0.9976532502497192,0.9925354820859875,0.9990720104319767,0.9925275309772293,0.9957134096087599
BOKF,0.9831493579608562,0.9859720054057008,0.9849263816387729,0.9597003403191859,0.9783642845563341,0.9984551966994942,0.9947107246903663,0.9993725459591196,1.0000000000000002,0.999140548812487,0.9905649357882026,0.9974351328365553,0.9862184461257288,0.9895884985036583,0.987357371090575,0.9980692496415737,0.9873969993152595,0.9873907679176097,0.9967202126260463,0.999394182613509,0.9965395660665655,0.999244311423054,0.9903548737535648,0.9920099220288684,0.9901984735152759,0.9972775302030279,0.9976106189214663,0.993279392187032,0.9932118198041965,0.9875146304021908,0.9829251328191562,0.9965105188610576,0.9943383660748119,0.9894744685501435,0.9990469457478163,0.99878022365983,0.9961577654686586,0.9832073006947782,0.9857730644610462,0.9894641860740588,0.9779494367374117,0.9679431697956267,0.9990745251606863,0.9985800819428085,0.8943382196555206,0.9866705538975598,0.987547152370928,0.9847946107884208,0.992658462740743,0.9873151650661887,0.9909648072425371,0.9875000705148317,0.9771273040800685,0.9992087133321452,0.9751709722422369,0.9895320884874114,0.9825555941212827,0.9992301668353754,0.9787298525389782,0.9764671996567861,0.9796989656124454,0.9981521433190657,0.9948095139910917,0.9881068094034361,0.997100898491413,0.9885809404964101,0.9920474322240516
C,0.987735273364462,0.9903594913036234,0.9840649915352218,0.9491975057474831,0.9712702374764934,0.9997817005950588,0.9967865219038615,0.9997201998368226,0.999140548812487,1.0000000000000002,0.9941457627580456,0.9991995854683737,0.9911378750564949,0.9936537189543982,0.9919346079325495,0.998081501776847,0.9911640910553848,0.9918942821247028,0.9989363321159229,0.9979250621539237,0.9982111727050771,0.9997487998392063,0.9935357305732202,0.9951121847666562,0.9935574740861783,0.9984869825061171,0.9953785488772118,0.996465789409578,0.9964298317090519,0.9907240757830663,0.9855823926621233,0.9985471798414259,0.9952537586923382,0.9935533860014355,0.9999725614304436,0.9997643505075116,0.9979919958126039,0.9885307940988596,0.9907917075782238,0.9844252126641139,0.9837760419272966,0.9766748276964186,0.9985562158229344,0.9998653127205588,0.8886502782469582,0.991133290657185,0.9917959637803792,0.9900946846385202,0.9955630782674323,0.9912317452159514,0.9944009023097345,0.9825043424776065,0.9834178786527746,0.9992164633119776,0.9778824977573176,0.993052531814292,0.9874394544386355,0.99994943250091,0.9829078017361847,0.9827313248907187,0.9863044964514872,0.9995917758806345,0.9973948223316451,0.9925745987992795,0.9990875479653432,0.9916066355567834,0.9956849406912262
CFG,0.9986910109312328,0.9995034847411299,0.9895281936483525,0.9251161619746677,0.9490956863171287,0.9960784647346146,0.9992379884927101,0.9944653044467042,0.9905649357882026,0.9941457627580456,1.0,0.9976346351608414,0.9993166349550312,0.9987938778045597,0.9988295962674865,0.9954166268994633,0.9959748824760116,0.9992740918324791,0.9976153204540515,0.9909309635006617,0.9980808333241964,0.9948342778321314,0.9993529696149509,0.9999076053293043,0.999874144058927,0.9976756690309053,0.9795234236970265,0.999425176885266,0.9996138677116808,0.9990568981882063,0.9943880324061491,0.9936473812237026,0.9955975670526368,0.9998219508460939,0.994155705276859,0.995882387323833,0.9983316963778512,0.9987995274100955,0.9992197738500292,0.9609874230024436,0.9964289944534234,0.991518486781105,0.9925164066259575,0.9946070924705944,0.8924490782421496,0.9974159591199286,0.9997668254721072,0.999041752663789,0.9991388110560496,0.9996161422827643,0.9999585207183794,0.9584863412405338,0.9965368557668751,0.9899522751975379,0.9893250385920216,0.9996538068531063,0.9982295525639419,0.9940613131605505,0.9941585298661192,0.9964360448355353,0.9972225083254704,0.9966352154853201,0.9980030340926439,0.9995040326215249,0.9974404192248542,0.999213075781088,0.9996998091083499
CFR,0.993136071595425,0.9950765924349908,0.9877395590847434,0.9418755200692877,0.9645502108669999,0.9997632341606859,0.9990696075244323,0.9992165769080077,0.9974351328365553,0.9991995854683737,0.9976346351608414,1.0,0.9953732945295607,0.9969670128358931,0.9958188881767628,0.9986098635580115,0.9943900753016145,0.9960028783577213,0.9998144540073849,0.9968918057670204,0.9995089375809872,0.9993724852251133,0.9971581301471182,0.9982524147943882,0.9972396430270438,0.9995850574147346,0.990937367067904,0.9988150324332759,0.9989027761709393,0.9952805758934232,0.9902924990276893,0.9978715512543459,0.9970501792960793,0.9972139606410124,0.9991753939767426,0.9997254688875664,0.9994832773069309,0.9936097839301798,0.9951423294820273,0.9771846131806136,0.9898459253256895,0.9832728009312562,0.9979132747326945,0.9992677239602751,0.8919435194324,0.9946419909185853,0.996042807109095,0.9946670012562244,0.9983547196909307,0.9957051104534299,0.9977659202934896,0.9749770361583648,0.989585160650936,0.9971142555356065,0.9836193286254956,0.9969075511537765,0.9928292648534794,0.99915512902066,0.9884996619432728,0.9891314662265475,0.9915139132762175,0.9998578487470162,0.9990557561558597,0.9963792585462646,0.9998462865710729,0.9958507544651536,0.9984903911372005
CIT,0.9990007966990029,0.999469690468652,0.9849653979405025,0.912827028818276,0.9415572755630537,0.9934393677463619,0.9973733617959815,0.9911263224136799,0.9862184461257288,0.9911378750564949,0.9993166349550312,0.9953732945295607,0.9999999999999999,0.9984385244632948,0.9991656421620279,0.9920701177333968,0.9958789415196099,0.9991971944420771,0.9957668680087338,0.9860052899817086,0.9957265334627216,0.9915651498396787,0.998306133841887,0.9988353936229376,0.9989600010570056,0.995004873530761,0.9740426952577139,0.9984402817953367,0.9986920065794952,0.9980161596515981,0.99400263897952,0.9914583378702115,0.99257235571073,0.9994489054835445,0.991229214914964,0.9930420128142475,0.9963315951055794,0.9995667128332204,0.999659545685074,0.953363346841818,0.9976188986036384,0.9949796902546783,0.9882679776184218,0.9920271514688156,0.8895297640123199,0.9974261115456553,0.9996170586336242,0.999753789426694,0.9977755484853885,0.9991095003358494,0.9992140634032886,0.9506096170521644,0.9981425588747249,0.9862426892763453,0.9891842096144748,0.9989574636437432,0.9986315773186976,0.9910315453647639,0.9948200252699018,0.9978010335184455,0.9988814611514639,0.9941892272401534,0.9964762511062911,0.9994530235120724,0.995504154031421,0.9980765780581585,0.9990232091662177
CMA,0.9975481185455005,0.9983633486930815,0.9851108341159965,0.9157131688014304,0.9458919802561252,0.9951995582459789,0.9975594345630665,0.9938521419816675,0.9895884985036583,0.9936537189543982,0.9987938778045597,0.9969670128358931,0.9984385244632948,1.0000000000000002,0.9993133942697402,0.994562482144698,0.9983507210082835,0.999636642452678,0.9975892100431557,0.9891332358111872,0.9959908657644252,0.994393163480342,0.999412565867895,0.9987426900513027,0.9981432527155921,0.9958200621860345,0.9788539413661462,0.9978178289407872,0.9985854324024351,0.9980642657925264,0.993228838227513,0.991968811930882,0.9967270962272432,0.9993642616613387,0.9936241746939423,0.9952544113189823,0.9968663614566473,0.9981435828572189,0.9979590869873299,0.9590101958301707,0.9975068944523052,0.9927921066434718,0.9925857759858608,0.9943242209679725,0.8915748315234148,0.9958968431570713,0.9983824634394884,0.9986936405575101,0.9995232355545461,0.998434212423171,0.9984621152932251,0.9555207169660106,0.9970719590524842,0.9887272453159272,0.988391378430721,0.9993067425413324,0.9984414803144432,0.9935405896312901,0.9947853419402563,0.9966311204540252,0.9971490326370811,0.995764336821043,0.9989775114520872,0.9979589216094925,0.9974256609808583,0.997773119225458,0.999267018327144
CNND,0.9986114152484009,0.9987675284539264,0.9833455591595794,0.9102488688071375,0.9452682354894208,0.9938429286859393,0.9972082554805012,0.992289121416738,0.987357371090575,0.9919346079325495,0.9988295962674865,0.9958188881767628,0.9991656421620279,0.9993133942697402,1.0,0.9931253760533526,0.9982870550519314,0.99949360997651,0.9966935233229609,0.9869021259471058,0.9952472274527365,0.9925286121510771,0.9988242482199291,0.9986600275925634,0.9981361456375072,0.995078309664172,0.9758358771451107,0.9979617251295556,0.9982549876038819,0.9978262271772764,0.9955788887740166,0.9913000142066206,0.994299889702344,0.9993324890626929,0.9921338920925247,0.9938157784262338,0.9967691949815904,0.9991098212688183,0.9989164304179307,0.9553222156662932,0.998062432000641,0.9945445284882202,0.9897446878003374,0.9930463436998491,0.8979575315000956,0.9947335983188411,0.9987477232910001,0.9992551280741568,0.9986205712876017,0.9984543767506959,0.9987075863436077,0.9514431674937057,0.9981125748948543,0.9870896036279245,0.9913280513805351,0.9992395723898669,0.9984416954444926,0.9920252360815394,0.9964640112906439,0.9971732386536326,0.9981329034736529,0.994758050000472,0.9978545736990542,0.9987439390778251,0.9962705003659411,0.9973260089668863,0.9990771604594
COF,0.9909602687403131,0.9924830745266054,0.990837705923623,0.9496417269390017,0.9721170066145949,0.998346537934412,0.9981213756278279,0.9990908776350286,0.9980692496415737,0.998081501776847,0.9954166268994633,0.9986098635580115,0.9920701177333968,0.994562482144698,0.9931253760533526,1.0,0.9935682519191419,0.9931668269005838,0.9980710017132901,0.9985531962096429,0.9981124608866405,0.9991089802838649,0.9959385502975379,0.9964592387603863,0.9951987716772225,0.9988705505730636,0.9917422254734715,0.9963011130566995,0.9966224259594666,0.9943360929757917,0.9914393502131166,0.9947649693513878,0.9980676214691746,0.9944661414730286,0.9979806346926563,0.9989838126142835,0.99844675869919,0.9900958024115983,0.9912873640069745,0.9797992797163588,0.9868796781067106,0.9762881995699035,0.9989148733297198,0.9977552103600748,0.9085251861453472,0.9907603653849826,0.9932322696848737,0.990882362470405,0.996999084135739,0.9935602314329546,0.9956506627058274,0.9766844046145847,0.985807909807238,0.9960649693326461,0.9860043338323076,0.9953283174905336,0.9904741013253809,0.9982679670108792,0.988721776885961,0.9851831960969711,0.9862520838649972,0.9985757007050924,0.9976963702566525,0.9928548850412744,0.9984645895738803,0.9948637009770808,0.995895074323124
DFS,0.9955301754089745,0.9954123685590252,0.9807021813067902,0.9083845564358944,0.9497534956421387,0.9923614244028369,0.994981862042219,0.9919590062158278,0.9873969993152595,0.9911640910553848,0.9959748824760116,0.9943900753016145,0.9958789415196099,0.9983507210082835,0.9982870550519314,0.9935682519191419,1.0000000000000002,0.99736413941294,0.9955975528717631,0.9866969640559924,0.9924756662865128,0.9922232976879182,0.9975418197299599,0.996107759737307,0.9947850377632769,0.9930030900071473,0.9767955154820447,0.9948751668019946,0.9957585080548016,0.9956514519367772,0.9951666047058081,0.9884168851528932,0.995558644794249,0.9966550966852733,0.9913103711115316,0.993037855415019,0.9948657839622458,0.9955874932047151,0.9947828290367665,0.9568520117320963,0.9961864915423659,0.9902111670496941,0.9905482385469254,0.9921453645354276,0.9094064082367384,0.9902267738753023,0.9951372171130496,0.9958908632368255,0.9977112077977747,0.9953717776540553,0.9957408564676999,0.9514695527640528,0.995207215282974,0.985980738061728,0.9923668414200755,0.9974303764276126,0.9963211385468118,0.991332122047873,0.9972342500456108,0.9936660045386619,0.9939636969724269,0.9933534446890673,0.9977569626456186,0.994695769296916,0.99547995917076,0.9948128963904537,0.9967485034406411
EWBC,0.9988704172726662,0.9994197723944371,0.9860984350708124,0.9129604758333397,0.9412625626859957,0.9939484061534889,0.9975141179921293,0.9921558472051253,0.9873907679176097,0.9918942821247028,0.9992740918324791,0.9960028783577213,0.9991971944420771,0.999636642452678,0.99949360997651,0.9931668269005838,0.99736413941294,0.9999999999999997,0.9965087312844534,0.987411394941157,0.9957271149634404,0.9926922320929426,0.9994297826865218,0.999025479760574,0.9988683170398193,0.9953232394666871,0.9753465319295405,0.9979728901346915,0.9985284809218185,0.9988216838414264,0.9938076071621209,0.9909366920538779,0.9953228919122561,0.999770445531627,0.9919038078437569,0.9938209660482676,0.9964580441887066,0.9993330650143241,0.9990878805526745,0.954505675533013,0.9984851442737269,0.9944526390301724,0.9904673336147001,0.9926430364768373,0.8892472163443192,0.9964656167619016,0.9993309142588946,0.9995606402872625,0.9990962838029888,0.9993524378940466,0.9989734361185617,0.9513445287688115,0.998366561123137,0.9866803184617856,0.989263477428715,0.9996053344438367,0.9992855134100858,0.9917618898175469,0.9952849909983321,0.9981677565949504,0.9984156171884011,0.9946245846785619,0.9978436062044834,0.9989242603473419,0.9961814386224457,0.9984691456699238,0.999248612366153
FCNCA,0.9934226298810713,0.9951728282386265,0.9854903005259963,0.9364949310022905,0.9634009668722854,0.999470991659287,0.9987129515770093,0.9988926014178899,0.9967202126260463,0.9989363321159229,0.9976153204540515,0.9998144540073849,0.9957668680087338,0.9975892100431557,0.9966935233229609,0.9980710017132901,0.9955975528717631,0.9965087312844534,1.0000000000000002,0.9957626646782257,0.9989130134594418,0.9989936932019475,0.9972957720983676,0.9981890256516401,0.9969764038807971,0.999046322526802,0.9901793856384145,0.9987735998636337,0.9988512663699023,0.9950855698148616,0.9908906215637673,0.9977620277304724,0.9968353136181228,0.9974692998490945,0.9989924256963774,0.9994523937986005,0.999346198736775,0.9941468623702191,0.9955121471190815,0.9757038482141838,0.9907944167041515,0.9849776316779011,0.9972720537165909,0.9992625822063397,0.8931738485578551,0.9941059254639845,0.9960739163256108,0.995205909220613,0.9985437661750072,0.9956295885833036,0.9977183581236901,0.9730503867068705,0.9905544303266316,0.9966770239297886,0.9843523936456249,0.997109371479547,0.9932164117700567,0.9989355339355088,0.9895134124548259,0.989777623076737,0.992402202165371,0.9996732841829418,0.9994589554109511,0.9965912820755375,0.9999103502925141,0.9954214288780008,0.9987356636990714
FFIN,0.9842454398045573,0.9867449417177672,0.98961097226657,0.963280062427403,0.9776907481748799,0.9975930112478665,0.99526508388561,0.9987760137035097,0.999394182613509,0.9979250621539237,0.9909309635006617,0.9968918057670204,0.9860052899817086,0.9891332358111872,0.9869021259471058,0.9985531962096429,0.9866969640559924,0.987411394941157,0.9957626646782257,0.9999999999999999,0.9966954357768337,0.9986597379952956,0.9910010220577953,0.9924293231771391,0.9909943561454698,0.997548201951633,0.9957165363902429,0.9930056407554673,0.9929451792901223,0.9890972347097265,0.984442940446722,0.9947051051467076,0.9951586733646302,0.9895283851321236,0.9977597404282252,0.9980997151601775,0.9961155343298879,0.9834503898411481,0.9857379986824163,0.9874979513066885,0.978439583585331,0.9665870521983634,0.9990883821327903,0.9971065855206666,0.8990512042971461,0.9865378232889361,0.9880655875546478,0.9846081492788941,0.9927951341303359,0.9883133246241924,0.9913387892100505,0.9855570318984658,0.9773680678637228,0.997621039543586,0.9774387006842611,0.990115698435738,0.9833537951809955,0.9980673776254763,0.9797512417431431,0.9771111987746182,0.9790570121830849,0.9973771164004456,0.9941098460112965,0.9880912311922496,0.9961959297478755,0.990100412715045,0.9916847928475844
FHB,0.9939507775994041,0.9958079675755812,0.990388605474018,0.945031202945116,0.9630821967907378,0.9991958258625293,0.9994858965367214,0.9983441473802263,0.9965395660665655,0.9982111727050771,0.9980808333241964,0.9995089375809872,0.9957265334627216,0.9959908657644252,0.9952472274527365,0.9981124608866405,0.9924756662865128,0.9957271149634404,0.9989130134594418,0.9966954357768337,0.9999999999999999,0.9984753117098832,0.9969456385618857,0.9985987104015247,0.9980886059912937,0.9998554090655167,0.9891757674055448,0.9991640570800496,0.9989948189759136,0.9959427823905069,0.9905798843371759,0.9974884711282029,0.9958837444698023,0.9972936665495331,0.9981823206048275,0.998983090402839,0.999522063986388,0.9940836146029812,0.9957993595093443,0.9755049322814372,0.9895656823459452,0.982955724774241,0.9967697198551879,0.9981610860631704,0.8904723507807195,0.9954870505495423,0.9968006027894175,0.9948604333238247,0.9977480799465963,0.99643904745359,0.998319234033279,0.973930506818179,0.9896244710417283,0.9962137137286605,0.9839688506079288,0.9969333591521118,0.9929586359691525,0.9981566859505188,0.9880489069881696,0.9895482350127811,0.9916878096556331,0.9993154910342583,0.9977705078299941,0.9970780520854078,0.9989094719148577,0.9966991583849512,0.9983074996121706
FITB,0.9889887915613458,0.9913312638661438,0.9870635484573612,0.9500320580683541,0.9713651361760597,0.9996671482517923,0.9975288333109429,0.9999264608481293,0.999244311423054,0.9997487998392063,0.9948342778321314,0.9993724852251133,0.9915651498396787,0.994393163480342,0.9925286121510771,0.9991089802838649,0.9922232976879182,0.9926922320929426,0.9989936932019475,0.9986597379952956,0.9984753117098832,0.9999999999999999,0.9947826576520961,0.9958479301219731,0.9943882020227225,0.9989291639340945,0.9946355556085158,0.9965821963190236,0.9967291753458212,0.9923434158140609,0.9874629534623599,0.9974964173476192,0.9969507636572134,0.9941678819012305,0.9996599683536759,0.9998928682973864,0.998351788352443,0.9892325161885095,0.9910904253234887,0.9833280145240814,0.9851662565397107,0.9766350922456435,0.9993598091439727,0.999488632764173,0.8944060877510729,0.9913878984737313,0.9925161223511674,0.9905698829773412,0.9965049937029417,0.9923457395394892,0.9950309080558335,0.9810433350147002,0.9844581829079975,0.9984706994555788,0.9803889221264045,0.994155600510848,0.9888281314377048,0.9997523119531364,0.9848398850268709,0.9839032837525621,0.986462765611641,0.9995614581072783,0.9979424470084092,0.9928000872883017,0.9992462631377925,0.9930998607803564,0.9960391235248817
FMAO,0.9984241285370529,0.9990163791277883,0.990132438371916,0.9228358426473803,0.9487328885423085,0.9952999822801105,0.9986705467040118,0.9943175093164355,0.9903548737535648,0.9935357305732202,0.9993529696149509,0.9971581301471182,0.998306133841887,0.999412565867895,0.9988242482199291,0.9959385502975379,0.9975418197299599,0.9994297826865218,0.9972957720983676,0.9910010220577953,0.9969456385618857,0.9947826576520961,1.0,0.999433806623892,0.9991355742235587,0.9969244157559626,0.978950997258562,0.9981022925332412,0.9987576910936655,0.9994822720895328,0.99501796227975,0.991411951082808,0.997674765230188,0.9994368119901884,0.99345708800894,0.9955219354778518,0.9975927628083617,0.9981488586484677,0.9979359092833527,0.9599071694129213,0.9972462778640842,0.9905750343742523,0.9934668508924871,0.9939173078795556,0.8981192353008555,0.9959437542278775,0.9989315411227018,0.9983419928206474,0.9997380219245277,0.9993319836633517,0.9991262818369188,0.9565392589550084,0.996652889008322,0.9886697113185787,0.9906265996957572,0.9998755795522639,0.9987454464503294,0.9935157943334508,0.9954958188843966,0.9965047188218098,0.9961307241369263,0.9959233096435137,0.9985931605704118,0.9981157769360891,0.9972301674171017,0.9992836205892495,0.9991579140611948
FMBH,0.9982617905648783,0.9991334984593397,0.9901515827897718,0.928570065949789,0.9525429410689755,0.9968501161170549,0.9995980200005538,0.995563225147219,0.9920099220288684,0.9951121847666562,0.9999076053293043,0.9982524147943882,0.9988353936229376,0.9987426900513027,0.9986600275925634,0.9964592387603863,0.996107759737307,0.999025479760574,0.9981890256516401,0.9924293231771391,0.9985987104015247,0.9958479301219731,0.999433806623892,1.0000000000000004,0.9997987189682004,0.9983696990079688,0.981541982098899,0.9995218302978071,0.9996850393554406,0.998982080332916,0.994650541488579,0.9942251553275376,0.996393601949413,0.9996660949982205,0.9951277025960984,0.9967548070093633,0.9989126593246068,0.9982398632832542,0.9987715410132543,0.9638452358306082,0.9957259385368797,0.9901092816439206,0.9938105244954623,0.99551784946469,0.8952172968409103,0.9968439985936451,0.9994470946483549,0.9985131744169246,0.9993791998127528,0.9993560121229309,0.999912121589055,0.9612354425420686,0.9957103574288219,0.991245411020212,0.9894890296627606,0.9996236781351556,0.9977075144292201,0.9951000055611553,0.9939355217436477,0.995521264073292,0.9963288749134166,0.99739503820969,0.9984436875493683,0.9992271242323238,0.9980251287160375,0.9991202336038172,0.9997179622369885
FNB,0.9986673709794535,0.9995074967682618,0.9910710416921489,0.9273329580434985,0.9483475661532932,0.9956432955647814,0.9991937234259067,0.9939950357439589,0.9901984735152759,0.9935574740861783,0.999874144058927,0.9972396430270438,0.9989600010570056,0.9981432527155921,0.9981361456375072,0.9951987716772225,0.9947850377632769,0.9988683170398193,0.9969764038807971,0.9909943561454698,0.9980886059912937,0.9943882020227225,0.9991355742235587,0.9997987189682004,0.9999999999999999,0.9976249784747443,0.9787828447847173,0.9991539412118198,0.9993352877266642,0.9992325052065966,0.9940774571775617,0.9929558244404789,0.9953303027321606,0.9995413945286965,0.9935191819303304,0.9954134836681838,0.9980609775749325,0.9985404406058014,0.9989969521257857,0.9604007518017497,0.9959581811587986,0.9906111032880346,0.992224364448454,0.9938909934124406,0.8915338514746136,0.9975487077815123,0.999737842829256,0.9986863317312626,0.9987541324645239,0.9996987349821501,0.9998440046106425,0.9581868867480184,0.9961050012180055,0.9893587608387174,0.9888894455869542,0.9994281243584112,0.9980432591145804,0.9934744873549365,0.9934730563047016,0.9962658789595987,0.9966995176242817,0.9961850373191943,0.9972614476609987,0.9993334322009901,0.9968177000500753,0.9994782663117399,0.999286193718283
GBCI,0.9935228649567671,0.9952192201074331,0.9906955923785769,0.9464783746890633,0.9662744159398416,0.9992991845477613,0.9994749830691292,0.9989096890766119,0.9972775302030279,0.9984869825061171,0.9976756690309053,0.9995850574147346,0.995004873530761,0.9958200621860345,0.995078309664172,0.9988705505730636,0.9930030900071473,0.9953232394666871,0.999046322526802,0.997548201951633,0.9998554090655167,0.9989291639340945,0.9969244157559626,0.9983696990079688,0.9976249784747443,1.0000000000000002,0.9902268980747021,0.9987901484573991,0.9986152216065148,0.9957739691140595,0.9914433515594976,0.9972385427209687,0.9965864048050544,0.9968525437339094,0.9984884443993344,0.9993067129903687,0.9997057571617467,0.9933848950403807,0.9950169054569425,0.9771025166315757,0.9890893004480125,0.981505647898306,0.9975484382010757,0.9984329800737876,0.896463842034865,0.9941099006234414,0.9961599566861051,0.9940960153318839,0.9978115325945589,0.9959419980495314,0.9979563412951489,0.9750697530645913,0.9889023250122851,0.9966132791242265,0.9851504368292661,0.9968098859545572,0.9924508474943965,0.9985463162251869,0.9885683374459256,0.9885984708770068,0.9905599692302993,0.9994887298669488,0.9980164558791742,0.9963905333520052,0.9990637291028166,0.9963991461904899,0.9979824027216023
GS,0.9688964758691613,0.9728571496114484,0.9727603638897779,0.9661715783415086,0.9846278313220762,0.9933719015835132,0.9856277388418715,0.9950333357843598,0.9976106189214663,0.9953785488772118,0.9795234236970265,0.990937367067904,0.9740426952577139,0.9788539413661462,0.9758358771451107,0.9917422254734715,0.9767955154820447,0.9753465319295405,0.9901793856384145,0.9957165363902429,0.9891757674055448,0.9946355556085158,0.978950997258562,0.981541982098899,0.9787828447847173,0.9902268980747021,0.9999999999999998,0.9842908071639127,0.9839117304345735,0.9744513996235122,0.9698394965540346,0.9928278885343275,0.9857377767200542,0.9782032075365744,0.995323288854391,0.993668472432729,0.9885467136498576,0.9696497026027775,0.9735143896950929,0.9965972616026268,0.9625882867013232,0.9522182791303463,0.9947147702126083,0.9945773544615932,0.8835456139042979,0.975493559658073,0.9752661017815271,0.9720913347465185,0.9827064795904005,0.9745310664918637,0.9801575976407928,0.9951330086973421,0.9617255194082512,0.9977650598636039,0.9602627453696129,0.9778076857450294,0.9682037108101567,0.9954802360883334,0.9640559563571359,0.9605774560442313,0.96608142371461,0.9926113084644163,0.9868364924477826,0.9767448835544801,0.9906803199767349,0.976010710380133,0.982249660391378
HBAN,0.9967590473064513,0.9980186914325382,0.9877203123150297,0.931608245564993,0.9558661980906993,0.9979378103584831,0.9994487488515572,0.9964261724662109,0.993279392187032,0.996465789409578,0.999425176885266,0.9988150324332759,0.9984402817953367,0.9978178289407872,0.9979617251295556,0.9963011130566995,0.9948751668019946,0.9979728901346915,0.9987735998636337,0.9930056407554673,0.9991640570800496,0.9965821963190236,0.9981022925332412,0.9995218302978071,0.9991539412118198,0.9987901484573991,0.9842908071639127,1.0000000000000002,0.9997989314243062,0.9972078366655447,0.9929409071596826,0.9967029036219902,0.9948049895899228,0.9990557790680293,0.9965703206733307,0.9975866239127713,0.9993130776755468,0.9972730928764381,0.9984773365202232,0.9678442119979153,0.9935473587715234,0.9892078608794626,0.9938845798443161,0.9969325826014436,0.8907854904612119,0.9967106726338631,0.9987549035797184,0.9978232005279858,0.9984995832052929,0.9981487492774285,0.9995891595008786,0.9657499329508921,0.9939419506452428,0.9935312518762516,0.9869968370662575,0.9984924584020857,0.9957880822907504,0.9964080508038867,0.9916428607889681,0.9935430680272697,0.995785459614222,0.998340440566218,0.9981955625677089,0.9991689456602576,0.9985546886133753,0.9976345198503285,0.9996041125904239
HBHC,0.9970470070227305,0.998361993197008,0.9881350520571895,0.9304363128846834,0.9543994461401881,0.9978690508211004,0.9994528189754689,0.9963912070813792,0.9932118198041965,0.9964298317090519,0.9996138677116808,0.9989027761709393,0.9986920065794952,0.9985854324024351,0.9982549876038819,0.9966224259594666,0.9957585080548016,0.9985284809218185,0.9988512663699023,0.9929451792901223,0.9989948189759136,0.9967291753458212,0.9987576910936655,0.9996850393554406,0.9993352877266642,0.9986152216065148,0.9839117304345735,0.9997989314243062,1.0,0.9977897289713983,0.9928587329828075,0.9958766784218814,0.9959158542992964,0.9993668899848409,0.9964250461054619,0.9976174782041389,0.9990680956083546,0.9975138437528644,0.9984191535153446,0.9669430017955937,0.9944421904273217,0.9896831732804349,0.9944082135715764,0.9968008766572234,0.8904802335211651,0.9974882182322613,0.9989489328959377,0.9981710019766916,0.9991030641530361,0.9985503308029774,0.9996370720921205,0.9646899473612999,0.9946006366741107,0.9930148255841388,0.9870247380649082,0.9989400890122068,0.996693861760671,0.996319559210779,0.992308149072599,0.9943382100813275,0.9960379462816781,0.9982416187081471,0.9987140442484063,0.9990027400831119,0.9987860717139413,0.9982225756254123,0.9998090526651416
HOMB,0.9991051976195002,0.9993536458013266,0.9924513851203506,0.9219204892517415,0.9441159887354318,0.9930423239627157,0.9980528092679031,0.9918302185998762,0.9875146304021908,0.9907240757830663,0.9990568981882063,0.9952805758934232,0.9980161596515981,0.9980642657925264,0.9978262271772764,0.9943360929757917,0.9956514519367772,0.9988216838414264,0.9950855698148616,0.9890972347097265,0.9959427823905069,0.9923434158140609,0.9994822720895328,0.998982080332916,0.9992325052065966,0.9957739691140595,0.9744513996235122,0.9972078366655447,0.9977897289713983,0.9999999999999999,0.9953242273949399,0.9887710030144217,0.996194137361935,0.9988866095424715,0.9906134804525503,0.9932302343692402,0.9963307102766653,0.9982788713050359,0.9978486072480144,0.9546165167010149,0.9973808418715644,0.9902545915995343,0.9910118683683824,0.9909982539977331,0.8982043004601595,0.9957708121201321,0.9990604626082619,0.9980532238251707,0.9986083913820056,0.9996768058319097,0.9988477233006422,0.9515169060263656,0.9968880983977587,0.9853824330100036,0.9915718568553258,0.9995313578352968,0.9990084659813037,0.9906970847183265,0.9956303522951621,0.9971432439014304,0.9958805124818032,0.9937789461736662,0.9965183426180608,0.9978957924345426,0.9950073714667266,0.9998069795282752,0.9980904444641947
HTH,0.9961614287834482,0.994584879554392,0.9856037708994612,0.9124944623003005,0.9529103635423359,0.9878013579712958,0.9940103841041493,0.987864802300603,0.9829251328191562,0.9855823926621233,0.9943880324061491,0.9902924990276893,0.99400263897952,0.993228838227513,0.9955788887740166,0.9914393502131166,0.9951666047058081,0.9938076071621209,0.9908906215637673,0.984442940446722,0.9905798843371759,0.9874629534623599,0.99501796227975,0.994650541488579,0.9940774571775617,0.9914433515594976,0.9698394965540346,0.9929409071596826,0.9928587329828075,0.9953242273949399,0.9999999999999998,0.9834923741315128,0.9909115139279516,0.9939278800290674,0.9859824013981588,0.988692848638453,0.9935356563949259,0.994268187846194,0.9934155167703373,0.9507421449049098,0.9935709379794871,0.9854494998059017,0.9852592911310415,0.9867127444528843,0.9321272544636039,0.9859772163725463,0.9940536365082953,0.9932465787855673,0.99393734813983,0.9944053090740991,0.9947211041354264,0.9449638178012264,0.9931098096434361,0.980720914598457,0.9984536054358486,0.9956850120177093,0.9940428892817286,0.9863594304155848,0.9981815846809492,0.9913403798096495,0.9905143848846847,0.9894731752258339,0.9924216599217656,0.9934024142466623,0.9906262029620607,0.994471926439862,0.9934540302706809
