Ticker,ABCB,ABTX,AJX,ARI,AXP,BAC,BBT,BK,BOKF,C,CFG,CFR,CIT,CMA,CNND,COF,DFS,EWBC,FCNCA,FFIN,FHB,FITB,FMAO,FMBH,FNB,GBCI,GS,HBAN,HBHC,HOMB,HTH,IBKR,IBOC,ISBC,JPM,KEY,LARK,MBWM,MCBC,MS,MTB,NAVI,NKSH,NTRS,OPY,PACW,PBCT,PGC,PNC,PNFP,RF,SCHW,SFBC,SIVB,SLFC,SRCE,STBA,STT,SYF,TFSL,TSC,UMBF,USB,WAL,WFC,WSBC,ZION
ABCB,0.9999999999999997,0.9997843508799445,0.9912485743259514,0.9837952289321535,0.9888043679261583,0.9990969760387686,0.9999296363944568,0.9992820911229875,0.999348257240403,0.9987013159343954,0.9997390053347696,0.999283132654083,0.9989518025739661,0.9982313306538646,0.9988985108883218,0.999115687323868,0.996090156261712,0.9991106705530169,0.9987675589555202,0.999385686954012,0.9996781405911934,0.999083265717399,0.9993039074200945,0.9998574520715058,0.9997247656428453,0.9999247049997071,0.9982862348971926,0.9993962256579211,0.9992854317598382,0.9994695479833282,0.9963243184578489,0.9970502805256096,0.9965920217867054,0.9994531221282094,0.9987239373880697,0.9992480582866101,0.9998115159758341,0.9995746243364143,0.9991623678241903,0.9990579009311132,0.9990988535302815,0.996085585190985,0.9980519029218421,0.9984137613985405,0.8990452125892358,0.9948815077573727,0.9996220591931744,0.9991081262860814,0.9989713468582947,0.9997067685729685,0.9998203090490677,0.9989955014652488,0.9993429840916267,0.9986655796892365,0.9927841498240025,0.9996989999210015,0.9992906618198509,0.9988893115084001,0.9969334774603628,0.9992085580664799,0.9980301306301207,0.9993054565425766,0.9981897494811437,0.9991991433448894,0.9987296344587157,0.9993175329501726,0.9992639528713164
ABTX,0.9997843508799445,1.0000000000000004,0.9908774659712314,0.9837934525254567,0.9858455262829848,0.9994996270085184,0.9999008283839897,0.9992847381218393,0.999419547798081,0.9991091409186675,0.9999616332992944,0.9995903364307328,0.9993348461072812,0.9985918912460224,0.9987839828275952,0.9987240111786959,0.9955482256722012,0.999431112623599,0.9989872577468781,0.9991771277844712,0.999958783194327,0.9992923441889136,0.9993468086873754,0.9999516928726965,0.9999653093952414,0.9999142672798154,0.9985165368183562,0.9996357201759087,0.9996963250709819,0.9993957048596239,0.9944126791884681,0.9976485969725775,0.996570174530041,0.9997733707474041,0.999030264169903,0.9994410408612147,0.9996426015112372,0.9997652221247116,0.999469611731239,0.9990174042814293,0.9991856508095572,0.9969044447779223,0.9982179523144807,0.9987141956289478,0.8905886256035167,0.9965519138224529,0.9999449528018302,0.999557085645105,0.9991348685372233,0.9999348156940064,0.9999282563886002,0.9995587020383996,0.9995341918851776,0.9989734275995074,0.9901778633670002,0.9996611680885775,0.99955873086807,0.9991221428518304,0.9955468118297943,0.9997355411473876,0.9987303889217259,0.999504292429236,0.998338836357775,0.9994631126855793,0.9990255299832647,0.9994451060355194,0.9995861744593958
AJX,0.9912485743259514,0.9908774659712314,0.9999999999999999,0.9968502619939553,0.976829425164123,0.9868573805160423,0.9914783578333026,0.9880727718223598,0.9890687584056468,0.9855827727889579,0.9900124851964964,0.9877292907215528,0.9864790236145912,0.9858842341189026,0.9849150742742036,0.9914942353510388,0.9816153644620687,0.987828514201054,0.9852973245908025,0.9934104550704799,0.990362581296102,0.9883279449511329,0.9908515034971173,0.9903381757325554,0.991616046002337,0.9908651255780092,0.9844676519657868,0.9874698770004865,0.9878349040833637,0.9939945922479745,0.9873059336283847,0.9813203295943512,0.9908397142885683,0.988410209354947,0.9850293026283754,0.9876629664861212,0.9886865817526822,0.9879395756914073,0.9867428300343608,0.9862148482700118,0.9884132791764978,0.9775992884914368,0.9903986174952516,0.9836989542159876,0.8970380988320967,0.9858437839512993,0.990015407000801,0.9865678575513693,0.98901672848862,0.992087678297508,0.9899152409769755,0.987159388212794,0.9873272157502234,0.9842204897173307,0.9848962363541491,0.990513568002541,0.9906412589933545,0.9856368306016678,0.986436087329692,0.9893343928054399,0.9834436875195611,0.9868034150448776,0.9856630527949206,0.9871002423849723,0.9859476704442302,0.9942985485234208,0.9870770408863957
ARI,0.9837952289321535,0.9837934525254567,0.9968502619939553,1.0000000000000004,0.9655747871424605,0.9779388547404698,0.9839709286978225,0.9781118743270069,0.9795424051104635,0.9759091026023826,0.9825613372862638,0.978753361031678,0.9791593543647699,0.9752469238145798,0.9745808391731731,0.9823693615142027,0.9684071378787752,0.9784293555673467,0.9751198195430033,0.9850106730995505,0.9835704024034406,0.978578238892181,0.9816085750926287,0.9825743173948506,0.9851011409841807,0.983244151603104,0.9735565948750831,0.9800154775955724,0.9802822240565121,0.9864743653601016,0.9775100910494993,0.9725379585341195,0.9797202536334461,0.9800197834579288,0.9751692651946599,0.978179270916491,0.980238040374213,0.9800249453810592,0.9794518300032516,0.9759374306359816,0.9783874476944573,0.9679657025497903,0.9800300968472943,0.9735373163183629,0.880487788401637,0.9815818096627953,0.9831973209565694,0.9784802036069657,0.9791585313770981,0.9850101687964157,0.9826397232590429,0.9790064248576739,0.9781654726855766,0.9748022739747155,0.9746774884442599,0.9816703011889356,0.9822299058513434,0.9757813817029721,0.9756135432539412,0.9812511313430826,0.9751187601681466,0.9777465132529417,0.974399714463387,0.9799720342846912,0.9760384857036535,0.9876897649912272,0.9783424856408489
AXP,0.9888043679261583,0.9858455262829848,0.976829425164123,0.9655747871424605,0.9999999999999998,0.9850121445833165,0.9876743867755283,0.9878146749165446,0.9872828992194256,0.9850478469899552,0.9861049269499367,0.9857106306105965,0.9858699244054572,0.9851478618252623,0.9888440072201878,0.9902185863292803,0.9904520881480082,0.9851338373208628,0.9862651541223014,0.9875462871777023,0.9850547477258221,0.9863991729383824,0.9870224729759276,0.9868815990894063,0.9853237550170567,0.9871783425144748,0.986188339072239,0.9858761690795459,0.9853519081973579,0.9867110740943906,0.997589587305652,0.9814240891037744,0.9849156126957678,0.9853060782067404,0.9856727375044394,0.9866787235812148,0.988808220747366,0.98624064037112,0.9847248141028906,0.9884136248370353,0.9871245353526351,0.9802988199564647,0.9851047637876716,0.9857484201689104,0.9515140912326477,0.9736987414933209,0.9851217831745185,0.9846827738421742,0.9863375221052385,0.9853238082783646,0.9868613055784554,0.9833496859051272,0.9866936616986806,0.9852054800240517,0.9979647379502425,0.9878827549130079,0.985887657289099,0.9864689023383594,0.9955480411688548,0.983595120549154,0.9820070068288836,0.9866018482728796,0.9865631860423031,0.9846983616215751,0.9863448436317469,0.9856298214195476,0.9856545479978921
BAC,0.9990969760387686,0.9994996270085184,0.9868573805160423,0.9779388547404698,0.9850121445833165,0.9999999999999999,0.9993134019905643,0.9996728217692038,0.9996349045914303,0.9999287563579997,0.9996771220816748,0.9999639281588377,0.9995043152226503,0.9995371083537908,0.999539819875761,0.9982885952730158,0.9969686389927752,0.9998737846278345,0.9998415685654867,0.9983788961276169,0.9994669203856984,0.9997175535313937,0.9992450160684272,0.9996217620637794,0.9992328136975694,0.9994136703471819,0.999623007398654,0.9996291378933855,0.9997978941829593,0.9984112159374536,0.9933548460327507,0.9986589623208402,0.996597358250821,0.9999275349023319,0.9998968535806587,0.9998881259816355,0.9995162135967587,0.999787537414992,0.9994853090042615,0.9996671348304231,0.9995943779457813,0.9986046575398932,0.9983835068734519,0.9997684502713287,0.8869542092955202,0.9963572650120051,0.9995316852524254,0.9999101553571559,0.9994549880500155,0.9992834388780933,0.9995483137443877,0.9998979431824995,0.9999322286492428,0.9997959155169114,0.9887704291120915,0.9994975960884468,0.9994435061406195,0.9998791785258847,0.9953786032732893,0.9997931201501381,0.9995418565512482,0.9999427224273667,0.9993410375825947,0.9993681550636522,0.9998126585590187,0.9983218226400457,0.9999853102219295
BBT,0.9999296363944568,0.9999008283839897,0.9914783578333026,0.9839709286978225,0.9876743867755283,0.9993134019905643,1.0,0.9993941073871238,0.9994891344369305,0.9989416453233785,0.9998809596485801,0.9994697623445512,0.9991480947228276,0.9985147816653036,0.9988767754125478,0.9991414575964291,0.9960671807552285,0.999309660590207,0.9989166645824229,0.9994331151246043,0.9997883505166641,0.9993106323865744,0.9994708685171031,0.9999296283002742,0.9998452079436361,0.9999345408736033,0.9984833350499986,0.999480230909328,0.9994833038037043,0.9995672239921923,0.9955923537736788,0.9973117930731359,0.9969168023427842,0.9996139599677191,0.9988980360379042,0.9994231615353407,0.9997324455290116,0.9996289820757417,0.999196793804165,0.9991229681251634,0.9992755935158228,0.996311769821929,0.9983588455906498,0.9985583543401437,0.8960609893025392,0.995701267892378,0.9997713624212011,0.9992819036091884,0.9991773182071918,0.999873095630952,0.9998895462734652,0.9992566557692132,0.9994631422699601,0.9987635782027923,0.9917736767471376,0.9997883943842512,0.9995441286888241,0.9990334906164721,0.9965062266816681,0.9994934325473479,0.9982851632301644,0.9994084103912164,0.9984140085215376,0.9992017225524948,0.9989707334627057,0.9995200281752435,0.9994316538507025
BK,0.9992820911229875,0.9992847381218393,0.9880727718223598,0.9781118743270069,0.9878146749165446,0.9996728217692038,0.9993941073871238,0.9999999999999994,0.9999466411115965,0.9996887877581303,0.9994293780451897,0.9998187411584668,0.9988580482549928,0.9996884072470621,0.9997262993218413,0.9992134869796353,0.9981538448768071,0.9998395197307214,0.9997959098954146,0.9991076553401104,0.9990739883910457,0.9999211546854154,0.999736058053954,0.999574585584943,0.9989579960813508,0.9994381468405964,0.9997176332422377,0.9990769334380524,0.9993010565734366,0.998910994242752,0.9952827702942084,0.9975199005371536,0.9979309327024806,0.999684028432968,0.9996842573577194,0.9999251545848759,0.999607097539508,0.9994444570400238,0.9987906815641843,0.9999071841305998,0.9999528308626042,0.9974040017595833,0.9991582972029116,0.9995346659704428,0.8963643581019378,0.9946161387067712,0.9990907940301184,0.9993417424689599,0.9998239520359926,0.9991937767346015,0.9993087217382943,0.9992926484969283,0.9998634533738173,0.9993695115832225,0.991447183291671,0.9998328384152645,0.9995891950958024,0.9998057302039537,0.9970654818215198,0.9994815856873044,0.9985395630674812,0.9997811647665917,0.9997298376095263,0.9986917367103683,0.9997666178938768,0.9985344508737982,0.9996873861819286
BOKF,0.999348257240403,0.999419547798081,0.9890687584056468,0.9795424051104635,0.9872828992194256,0.9996349045914303,0.9994891344369305,0.9999466411115965,1.0,0.9996145877773466,0.9995092128268759,0.9998171914760013,0.9988428255485323,0.9996864130000286,0.9995006716697732,0.9994025198571064,0.997947300229957,0.9998585750437464,0.9996467996526074,0.9993439605929246,0.9991818454142823,0.9999582772837237,0.9998918939597248,0.9996477788621431,0.9991383898803593,0.9995047145314464,0.9995643242046186,0.9989995970009753,0.9993621167726047,0.9992162301359556,0.9950387702614564,0.9971381144921913,0.9982807380173923,0.9997057255724519,0.9995459496709854,0.9999031012713007,0.9995244686172404,0.9993922063470126,0.9986887624208792,0.999751689495683,0.9999719818886948,0.9970532349854349,0.9993999684158983,0.9993378716767207,0.895548580321548,0.9951002959138675,0.9991913797430326,0.9993040941471139,0.999922030627176,0.9994001515161309,0.9993506724456596,0.9992775238893064,0.9998130176227703,0.9991623167828406,0.9912457373097571,0.9999141669182157,0.9998085591694529,0.9996914667313914,0.9969627697715654,0.9996161934225357,0.9983716664944983,0.9996997622463968,0.9996600961706714,0.9985981699242797,0.9997096658203544,0.9989091941297835,0.9996392980849397
C,0.9987013159343954,0.9991091409186675,0.9855827727889579,0.9759091026023826,0.9850478469899552,0.9999287563579997,0.9989416453233785,0.9996887877581303,0.9996145877773466,1.0000000000000002,0.9993552689994182,0.9998956269319343,0.999283590817843,0.9997611595282737,0.9996296718142346,0.9982197780845188,0.9976014127606414,0.999850683564923,0.9999351571787857,0.9980852915204543,0.9990313416956413,0.999755898991882,0.9991659637662861,0.9993139405610116,0.9987494858824552,0.9990441032901448,0.9998511196903467,0.9993063907744635,0.9995936737202494,0.9980256975720861,0.9931184561279505,0.9984934317949071,0.9967992196549961,0.9997509153304851,0.9999683025305054,0.999882139709473,0.999271322636184,0.9995194304098443,0.9991173288262939,0.9997430722766113,0.9996520513206414,0.9987310320521741,0.9984868793932576,0.9998908495770967,0.8873158438275445,0.9959262354092925,0.9991195509651666,0.9997365069346291,0.9994999631329498,0.9988765073936474,0.9991797350670323,0.9997007152687689,0.9998731796969822,0.9997754712289122,0.9886219994479439,0.9993395340407458,0.9993259702156236,0.99994433148171,0.9955450855288879,0.9995922040498225,0.9994066960709093,0.9998735950993445,0.9996161347574125,0.9989609398128056,0.9999246139655206,0.9978558589913479,0.999882592019077
CFG,0.9997390053347696,0.9999616332992944,0.9900124851964964,0.9825613372862638,0.9861049269499367,0.9996771220816748,0.9998809596485801,0.9994293780451897,0.9995092128268759,0.9993552689994182,1.0000000000000004,0.9997288633556287,0.9995475881948304,0.9988153058870345,0.999047137541547,0.9987262845708307,0.9959984722810932,0.9995491204857958,0.9992370113279573,0.9990133789747138,0.9999263758508607,0.9994333488417115,0.9993436790397349,0.9999518682604291,0.999874328302931,0.9998738946289567,0.9988148384576322,0.9997763204029156,0.9998305538706022,0.9992082769948956,0.9944267323181613,0.998065596151338,0.9965017230922769,0.9998583654984157,0.9992970069976735,0.9996103939804701,0.9997164298681258,0.9998595908509446,0.9995706916666204,0.9992478303669049,0.9993215991159848,0.99735766520655,0.9982080678649166,0.9990134308656943,0.8905826334865903,0.9966010424794426,0.9999453476318249,0.9997150560015405,0.9992173519428295,0.9998479153756992,0.9999660283791414,0.9996985240469908,0.9996839048397154,0.999233106647354,0.9901953185169187,0.9996877507697768,0.9995805475241806,0.9993484592644746,0.9957605511683676,0.9997659595303962,0.9990066517477456,0.9996756288598437,0.998600832743699,0.9995388418995533,0.9992841785230538,0.9992549271439677,0.9997524064425999
CFR,0.999283132654083,0.9995903364307328,0.9877292907215528,0.978753361031678,0.9857106306105965,0.9999639281588377,0.9994697623445512,0.9998187411584668,0.9998171914760013,0.9998956269319343,0.9997288633556287,0.9999999999999999,0.9993845065967535,0.9996337645651356,0.9995759234085904,0.9987107597321145,0.9972732375878391,0.9999468957900219,0.999836928140774,0.9987818224452097,0.9995015329059529,0.9998562752498277,0.999526208738559,0.9997324216331676,0.9993308104524187,0.9995514040202441,0.9996464396759239,0.9995336113467149,0.9997632855069075,0.9987769659652836,0.9939256500123385,0.998248392454218,0.997171837152144,0.9999514911138824,0.9998474935851787,0.9999588033530765,0.999607675029714,0.9997645632329885,0.9993496740514234,0.9997420060102062,0.999772311225293,0.9981868231141825,0.9987633646564037,0.9996875745289118,0.8894285914741897,0.9960992889277834,0.9995406014048308,0.9998154139293141,0.9996712085760423,0.9994385535689244,0.9995925834084971,0.9997965771544823,0.9999700819720283,0.9996701240797854,0.9895948447665688,0.9997085522882951,0.9996483959475845,0.9998817686076862,0.9959134415775691,0.9998370630608121,0.9992627322955575,0.999944695507354,0.9994754022867349,0.9992475187777955,0.9998311690639754,0.998628927888472,0.9999604894767979
CIT,0.9989518025739661,0.9993348461072812,0.9864790236145912,0.9791593543647699,0.9858699244054572,0.9995043152226503,0.9991480947228276,0.9988580482549928,0.9988428255485323,0.999283590817843,0.9995475881948304,0.9993845065967535,0.9999999999999997,0.9984813779374065,0.9989505988833554,0.9977390477472746,0.9957956744620264,0.9989996855570076,0.9990728870718276,0.997465597368213,0.9993610986194825,0.998897379593898,0.9983441212541149,0.9993180311242588,0.999161071160963,0.9990626884580606,0.9986839497246266,0.9997183841337282,0.999844706956032,0.9977745598941333,0.9933695678274059,0.9985422678082418,0.9947733206792654,0.9994301246949844,0.9992521176184641,0.9992491822336621,0.9992143746601617,0.9995831488416024,0.9994527440872458,0.9989928603891084,0.9986811565084093,0.9982291651648852,0.9969150942329841,0.9991286165163786,0.8883361496604496,0.9973463160937422,0.9995518399581763,0.9997132488658003,0.9984269822262148,0.9989534479136007,0.9995424758887712,0.9995153679899047,0.9993946435529517,0.9992656745656145,0.9886710359399482,0.9988692443315318,0.9988936448343441,0.9992379074899441,0.9950167208010373,0.9992175130358987,0.9993468562583817,0.9994797262704574,0.9981955063264428,0.9993083199014906,0.9992621648184878,0.998057346650882,0.9995761477871579
CMA,0.9982313306538646,0.9985918912460224,0.9858842341189026,0.9752469238145798,0.9851478618252623,0.9995371083537908,0.9985147816653036,0.9996884072470621,0.9996864130000286,0.9997611595282737,0.9988153058870345,0.9996337645651356,0.9984813779374065,1.0000000000000002,0.9993831174684858,0.9985851782339744,0.9983359732587267,0.9997460009045668,0.9997318724751147,0.9982867091576842,0.9983458487081499,0.9998374216624641,0.9994022186659766,0.9988926064489855,0.9981584214756505,0.9985798735367656,0.9998662638258448,0.9984056414850455,0.9990142159478008,0.9980767265153357,0.9930915077266137,0.9971870709471533,0.998062991525129,0.9993523751321459,0.9996557796272121,0.999740065283556,0.9987648345778479,0.9988443038575676,0.9981042838561239,0.9996183073899331,0.9998010379356616,0.997769957582044,0.9992339999068045,0.9995638121548874,0.8900451631104355,0.9950850775012138,0.9984238306510447,0.9990914874142116,0.999755163071648,0.9985065991541822,0.9985222309064913,0.9990847053033931,0.9995911030795397,0.9991747636880014,0.9888889943152792,0.9992842542887174,0.9993927832286109,0.9997305417314153,0.9959422500784675,0.9993134463272749,0.998467228445543,0.9994850838429608,0.9999254940133445,0.9979156181637358,0.9998265137195532,0.9977502940281568,0.9994386106397635
CNND,0.9988985108883218,0.9987839828275952,0.9849150742742036,0.9745808391731731,0.9888440072201878,0.999539819875761,0.9988767754125478,0.9997262993218413,0.9995006716697732,0.9996296718142346,0.999047137541547,0.9995759234085904,0.9989505988833554,0.9993831174684858,1.0,0.9984647776548149,0.9983198375388954,0.9994904710708112,0.9998411882214369,0.998071505132608,0.9986556689116546,0.9994838298723318,0.9989732857431823,0.9991721293362772,0.9983564638418271,0.9990103560127114,0.9997393577773028,0.9991243364613019,0.9991369243650593,0.9978122320491534,0.9954550906780313,0.998067356636748,0.9964536022928149,0.9994063046598057,0.9997677916420166,0.999691554720915,0.9995607263010777,0.999395545064177,0.9989207461009648,0.9999405794786012,0.9995232707941241,0.998224072178341,0.9980578659461035,0.9997874758363142,0.8974602704279113,0.9938147230400417,0.9987154064291,0.9993330411576244,0.9992262077010027,0.998438005030991,0.9990346994492786,0.9991078476602833,0.999747782306595,0.9996521879271792,0.9915734079650808,0.999303746197004,0.9988436498544049,0.9998347306532612,0.9970828868757847,0.9989226045268048,0.9988140264876356,0.9997652015696954,0.9994933281160149,0.9987922473844126,0.9996728805339924,0.9973658915580279,0.9995937856594428
COF,0.999115687323868,0.9987240111786959,0.9914942353510388,0.9823693615142027,0.9902185863292803,0.9982885952730158,0.9991414575964291,0.9992134869796353,0.9994025198571064,0.9982197780845188,0.9987262845708307,0.9987107597321145,0.9977390477472746,0.9985851782339744,0.9984647776548149,0.9999999999999999,0.9978962179066098,0.998725801141432,0.9983101054619881,0.9995440466473393,0.9982757436672355,0.999180814514449,0.9996152835328432,0.9989828076519159,0.9985036958824459,0.9989219078229604,0.9982713984199663,0.9977613484303351,0.9983119527756478,0.9994045542291837,0.9967372638937922,0.9946302887586734,0.9987139198044078,0.9985654072402522,0.9981023568264397,0.998957285860844,0.9988296433659424,0.9982346315769093,0.9971388066020234,0.9988354199790012,0.9993160950818823,0.9941776786364862,0.9992034885930908,0.997745403588925,0.9068951339823998,0.9934882652519458,0.9982629284500526,0.9978459885734187,0.9993205851100928,0.9988817515635949,0.9986205141339488,0.997696023013533,0.9987412554747932,0.9974358747059436,0.9940856955425259,0.9995333099470759,0.9994092284888842,0.9984311405539797,0.9983791803421861,0.9984750968659307,0.9961837633353823,0.9985279208142414,0.998735149522753,0.9970926398506551,0.9986197142335129,0.9990583432051675,0.998385363037247
DFS,0.996090156261712,0.9955482256722012,0.9816153644620687,0.9684071378787752,0.9904520881480082,0.9969686389927752,0.9960671807552285,0.9981538448768071,0.997947300229957,0.9976014127606414,0.9959984722810932,0.9972732375878391,0.9957956744620264,0.9983359732587267,0.9983198375388954,0.9978962179066098,0.9999999999999999,0.9974153980103665,0.9979520901031427,0.9963006708359673,0.9950203857039442,0.9979926140263149,0.9975435495180754,0.9963072863866597,0.9948020974827283,0.9960015778896519,0.9984624497862827,0.9955509527615163,0.9962380834752973,0.9956292196971676,0.9950548220911527,0.9939324300137127,0.9970847962324194,0.9966252854114516,0.9976826998953859,0.9978179726440526,0.9968840523003072,0.9961518683288532,0.9948543735228329,0.9983689809737379,0.998248337403524,0.9948254689955215,0.9975723035563226,0.9977048366459919,0.9083960667794849,0.9892615096656231,0.9951103715666713,0.9961668031545108,0.9980021808729052,0.9953822534374863,0.9958224180035646,0.9957922081470632,0.9974764813148173,0.9968752315387297,0.9928361580596153,0.9974023503191761,0.9970963821398131,0.997869640212197,0.9982609969457455,0.9960768061222627,0.9950803378067719,0.9973400743988458,0.9988534469705902,0.9946370303934569,0.9980803958744601,0.9947628558818806,0.9969623884254548
EWBC,0.9991106705530169,0.999431112623599,0.987828514201054,0.9784293555673467,0.9851338373208628,0.9998737846278345,0.999309660590207,0.9998395197307214,0.9998585750437464,0.999850683564923,0.9995491204857958,0.9999468957900219,0.9989996855570076,0.9997460009045668,0.9994904710708112,0.998725801141432,0.9974153980103665,1.0000000000000004,0.9998171854330679,0.9988994349893273,0.9993175689594305,0.9998988514507162,0.9996235825197645,0.9996101706502644,0.9991468113837854,0.9994392852977744,0.9996837734247727,0.9992418379517479,0.9995215184043944,0.9988210985443632,0.9936539922899129,0.9979357974052652,0.997628654019187,0.999878853525308,0.999789703750585,0.9999240191277128,0.9994497982489442,0.9995760108753898,0.9990862015822666,0.9996939190975844,0.9998439737837372,0.997970287592437,0.9990675413533193,0.9996166609569648,0.8887224119122324,0.9956483938046253,0.9993196702262241,0.9996213808530181,0.9997870250847466,0.9993491825235508,0.9993633377540675,0.999668200232602,0.9998942874026218,0.9995546490501765,0.989426936516873,0.9996985088989061,0.9996452442222585,0.999825536718097,0.9958260068553794,0.9998117451531368,0.9990332040479303,0.9998375686863293,0.9996033091841576,0.9989954124454309,0.9997650340282771,0.9985505800510371,0.9998403937273019
FCNCA,0.9987675589555202,0.9989872577468781,0.9852973245908025,0.9751198195430033,0.9862651541223014,0.9998415685654867,0.9989166645824229,0.9997959098954146,0.9996467996526074,0.9999351571787857,0.9992370113279573,0.999836928140774,0.9990728870718276,0.9997318724751147,0.9998411882214369,0.9983101054619881,0.9979520901031427,0.9998171854330679,1.0,0.9981597770948831,0.9988920975457909,0.9997358369645659,0.9991741167150348,0.9992821681279476,0.9985892621197335,0.9990624585659649,0.9999244609841651,0.9992261815348944,0.9993860025185495,0.9979819898377278,0.9939386822695376,0.9984069373110362,0.9968389393458974,0.9996777812879771,0.9999744363389912,0.9998750657171729,0.9994102181942119,0.9994978338310744,0.9990618311928963,0.9998968253091963,0.9996969546137668,0.9986226265244421,0.9984713686190607,0.999939812889318,0.8906672544705956,0.9949559226201071,0.9989535226296566,0.9996047059090969,0.999496172118781,0.99872876516748,0.9991087928924225,0.9995340923474797,0.9998852609769875,0.9998121312475153,0.9896334072079781,0.9993786817973755,0.9991665426937111,0.9999796629595403,0.99606315488641,0.9994025704044415,0.99923246417899,0.9998854546895132,0.9996956810314045,0.9989193024396255,0.9998810871970231,0.9976494628980271,0.9998199977579408
FFIN,0.999385686954012,0.9991771277844712,0.9934104550704799,0.9850106730995505,0.9875462871777023,0.9983788961276169,0.9994331151246043,0.9991076553401104,0.9993439605929246,0.9980852915204543,0.9990133789747138,0.9987818224452097,0.997465597368213,0.9982867091576842,0.998071505132608,0.9995440466473393,0.9963006708359673,0.9988994349893273,0.9981597770948831,0.9999999999999999,0.9988619488046134,0.9990696067020407,0.9996987339033624,0.999304867372802,0.9991074543660265,0.9993867955577119,0.9979068310120707,0.9980072399884624,0.998284225715923,0.9999205176824647,0.9957603003850763,0.9949974164834526,0.9985825496826818,0.9988549961076326,0.9979580854418443,0.9988582673567482,0.9989542185687653,0.9985225651474651,0.997658636755849,0.9985173333572255,0.9991733183434562,0.9941308191460771,0.9992400604468268,0.9975078015728237,0.9001929268532629,0.993736551428414,0.9987232903561059,0.9980088382946734,0.9992733460823315,0.9994526813919328,0.998900903212273,0.9980989431203354,0.9987305460616323,0.9975021294164841,0.9926186708636963,0.9996261280746591,0.9994111840093889,0.9982423751295548,0.9968643688451306,0.9989111274795681,0.9964695348650028,0.9985156549252505,0.9982963253625549,0.9977096733723659,0.9982255514037666,0.9995567372034966,0.9984608343117384
FHB,0.9996781405911934,0.999958783194327,0.990362581296102,0.9835704024034406,0.9850547477258221,0.9994669203856984,0.9997883505166641,0.9990739883910457,0.9991818454142823,0.9990313416956413,0.9999263758508607,0.9995015329059529,0.9993610986194825,0.9983458487081499,0.9986556689116546,0.9982757436672355,0.9950203857039442,0.9993175689594305,0.9988920975457909,0.9988619488046134,1.0000000000000002,0.9990638581987559,0.9990409382457566,0.9998763267739087,0.9999444553898847,0.9998540957280365,0.9983437273670147,0.9997411839941123,0.9996798073118031,0.9991258075157773,0.9938969683328253,0.9979896828003049,0.9959059987234747,0.9997414016245254,0.9989785158035867,0.9992883429099084,0.9995823479159074,0.9998076475978458,0.9996584244389146,0.9988407009441042,0.9989285605034287,0.997174216558651,0.9977638744252104,0.9986715637146221,0.887901643797525,0.9966391423116046,0.9999759567457998,0.9996065216743633,0.9988471911092027,0.9998461431730281,0.9999185385430336,0.9996277311871521,0.999437259689539,0.9990447750777603,0.9895258919539548,0.999443173212348,0.9993067241126729,0.9990131160482233,0.9949782115632493,0.9996739421640292,0.9989411727951324,0.9994502771096772,0.9980463788291821,0.9996696994558077,0.9988510913021283,0.999197358118714,0.9995599438794286
FITB,0.999083265717399,0.9992923441889136,0.9883279449511329,0.978578238892181,0.9863991729383824,0.9997175535313937,0.9993106323865744,0.9999211546854154,0.9999582772837237,0.999755898991882,0.9994333488417115,0.9998562752498277,0.998897379593898,0.9998374216624641,0.9994838298723318,0.999180814514449,0.9979926140263149,0.9998988514507162,0.9997358369645659,0.9990696067020407,0.9990638581987559,0.9999999999999999,0.999801155667285,0.9995149971916334,0.9989807269094482,0.9993106303146793,0.9997082005105836,0.9989643492906956,0.9993968738486873,0.9989530517811447,0.9943196103914576,0.9973805395814412,0.9982187627824931,0.999700190181385,0.9996605690300505,0.9999364183071566,0.9993479602767457,0.9993284735204715,0.9986358391283694,0.9997541623284096,0.9999772022964005,0.9973897560819979,0.9993900687536845,0.9994683487151009,0.8930105227791328,0.9954544613410823,0.99910667767259,0.9993639335634882,0.9999242297963079,0.9992622842194023,0.9992274114812831,0.9993703469916853,0.9998192408051619,0.9992472839861813,0.9903108242835965,0.9997900709182679,0.9997850731686982,0.9997666235835077,0.9965540247744028,0.9996526530060762,0.9985661121026072,0.9997123931727584,0.9997792002689797,0.9985116137242737,0.9998348484016724,0.9987006897063561,0.9996854366183333
FMAO,0.9993039074200945,0.9993468086873754,0.9908515034971173,0.9816085750926287,0.9870224729759276,0.9992450160684272,0.9994708685171031,0.999736058053954,0.9998918939597248,0.9991659637662861,0.9993436790397349,0.999526208738559,0.9983441212541149,0.9994022186659766,0.9989732857431823,0.9996152835328432,0.9975435495180754,0.9996235825197645,0.9991741167150348,0.9996987339033624,0.9990409382457566,0.999801155667285,1.0000000000000002,0.9995325341008079,0.9991326253554593,0.9994316605142,0.9990939087277346,0.9985495080008856,0.9990198761227337,0.9995887926388018,0.9950527763464161,0.9962035219377365,0.998834795258841,0.9994420991291872,0.999026648200929,0.9996215309174868,0.9992385339617436,0.9990238593864901,0.9981822119549678,0.999352856873698,0.9998365994350962,0.995944380887819,0.9996753674198531,0.9987191796856708,0.8966715236265261,0.9949125546673341,0.9990119875280195,0.9988448329524081,0.9998829712425529,0.9994796765876983,0.9991469977798542,0.9988846113189743,0.9994733148713831,0.9985241363207473,0.9914368378896965,0.9998921135585386,0.9998606318951226,0.9992404447262927,0.9969014269766671,0.9994858076042403,0.9976449870239709,0.9992940115828332,0.9993650913796214,0.9981207610466227,0.9993102968859116,0.9992890153866962,0.9992508365161861
FMBH,0.9998574520715058,0.9999516928726965,0.9903381757325554,0.9825743173948506,0.9868815990894063,0.9996217620637794,0.9999296283002742,0.999574585584943,0.9996477788621431,0.9993139405610116,0.9999518682604291,0.9997324216331676,0.9993180311242588,0.9988926064489855,0.9991721293362772,0.9989828076519159,0.9963072863866597,0.9996101706502644,0.9992821681279476,0.999304867372802,0.9998763267739087,0.9995149971916334,0.9995325341008079,1.0000000000000004,0.9998480259475914,0.999964155686498,0.9988822159536267,0.9996462015161216,0.9996845602615094,0.999407868662531,0.9950527613298855,0.9977270562637239,0.9969164370198376,0.9998537661067477,0.999279675111616,0.9996498939112467,0.9998274577912359,0.999833535157045,0.999464436561375,0.9993644692563705,0.9994593653547967,0.9970896583367699,0.9984755813194341,0.9990098620683716,0.8931771027489476,0.9959492725407371,0.9998583105417155,0.9995989726874671,0.9993694266354676,0.9998651981102238,0.999926681458814,0.9995682691788482,0.9997239906426952,0.9991925583193343,0.9910099358262595,0.9998304770361675,0.999623851602756,0.9993836727558022,0.9962076181418617,0.9997299923125583,0.9987602432232681,0.9996890051762491,0.9987370091009842,0.9994487934456534,0.9992680969176367,0.9993169252652345,0.9997087936773973
FNB,0.9997247656428453,0.9999653093952414,0.991616046002337,0.9851011409841807,0.9853237550170567,0.9992328136975694,0.9998452079436361,0.9989579960813508,0.9991383898803593,0.9987494858824552,0.999874328302931,0.9993308104524187,0.999161071160963,0.9981584214756505,0.9983564638418271,0.9985036958824459,0.9948020974827283,0.9991468113837854,0.9985892621197335,0.9991074543660265,0.9999444553898847,0.9989807269094482,0.9991326253554593,0.9998480259475914,0.9999999999999999,0.9998436195358125,0.998040172242596,0.9995066369745711,0.9995348466016897,0.9994014574726283,0.9941442280776912,0.9973664205517607,0.9962439315923153,0.9995818299850301,0.9986486265463232,0.9991368678025937,0.9994521734760653,0.9996053433072852,0.999355620056096,0.9986238011361314,0.9988546800855485,0.9964382795028119,0.9979228157194807,0.9982832529483929,0.8897228786970494,0.9966707599492524,0.9999159220808043,0.9993498363277021,0.9988312425367061,0.999933325191478,0.9998552153545607,0.9993777781672444,0.9992508246773214,0.9986254810379298,0.989850294392781,0.9994702122473883,0.9993885281565691,0.998749060980008,0.9950875903639348,0.9995938532570607,0.9984728787437079,0.9992186049237513,0.9978556489132778,0.999373437091053,0.9986433580045933,0.9995290094684791,0.9993350306480933
GBCI,0.9999247049997071,0.9999142672798154,0.9908651255780092,0.983244151603104,0.9871783425144748,0.9994136703471819,0.9999345408736033,0.9994381468405964,0.9995047145314464,0.9990441032901448,0.9998738946289567,0.9995514040202441,0.9990626884580606,0.9985798735367656,0.9990103560127114,0.9989219078229604,0.9960015778896519,0.9994392852977744,0.9990624585659649,0.9993867955577119,0.9998540957280365,0.9993106303146793,0.9994316605142,0.999964155686498,0.9998436195358125,1.0000000000000002,0.9985987980504072,0.9995602368684793,0.9994743711908154,0.999472480418754,0.9953851517558397,0.9975366852390275,0.9967485224400692,0.9997248142514372,0.9990411058963586,0.9994619578198377,0.9998315263750182,0.9997597711003652,0.999415788720266,0.9991926638817015,0.9992861794184844,0.9967078141253979,0.9982978286642732,0.9987429613341089,0.8943243539449955,0.9953937363846301,0.9997898810718431,0.9994055807649778,0.9991941632618622,0.9998496843315466,0.9998914007072115,0.9993865192143085,0.9995583933160803,0.9990090391702896,0.9915026528258049,0.9997708913831999,0.9994465308470014,0.9991530576424913,0.9962587341211311,0.9995616917101116,0.9985101421288004,0.9995258307206901,0.9984589386577926,0.999442377676774,0.9989707908068303,0.9993212025971452,0.9995291046556609
GS,0.9982862348971926,0.9985165368183562,0.9844676519657868,0.9735565948750831,0.986188339072239,0.999623007398654,0.9984833350499986,0.9997176332422377,0.9995643242046186,0.9998511196903467,0.9988148384576322,0.9996464396759239,0.9986839497246266,0.9998662638258448,0.9997393577773028,0.9982713984199663,0.9984624497862827,0.9996837734247727,0.9999244609841651,0.9979068310120707,0.9983437273670147,0.9997082005105836,0.9990939087277346,0.9988822159536267,0.998040172242596,0.9985987980504072,1.0000000000000004,0.998710852341156,0.9990466617304439,0.9976434270170259,0.9936349348406943,0.9979178013077926,0.9972055145831962,0.9993735785863782,0.99986267968221,0.9997602125953615,0.9990144816614809,0.9990583621601637,0.9984665386493128,0.9998293946684536,0.999689936402919,0.9983893872429245,0.9986443890151829,0.9998539527701172,0.8914084790276505,0.9945085344775514,0.998430861727672,0.999254658017656,0.9995060381550624,0.9982856257140214,0.9986209055269651,0.9991788335563817,0.9996903987190684,0.9995526109232824,0.9894127655447844,0.9991714355050886,0.9990402687298253,0.99988743849432,0.9961541288318535,0.9991250773670449,0.9988410734803547,0.9996553513946408,0.9998784095588124,0.9982813986541279,0.9998723090783456,0.9972527082689377,0.9995632828161175
HBAN,0.9993962256579211,0.9996357201759087,0.9874698770004865,0.9800154775955724,0.9858761690795459,0.9996291378933855,0.999480230909328,0.9990769334380524,0.9989995970009753,0.9993063907744635,0.9997763204029156,0.9995336113467149,0.9997183841337282,0.9984056414850455,0.9991243364613019,0.9977613484303351,0.9955509527615163,0.9992418379517479,0.9992261815348944,0.9980072399884624,0.9997411839941123,0.9989643492906956,0.9985495080008856,0.9996462015161216,0.9995066369745711,0.9995602368684793,0.998710852341156,1.0000000000000002,0.9997711095876404,0.9982165934462887,0.9939532110115239,0.9989814327132648,0.9948396498329773,0.9996909930904795,0.9993640289361302,0.9993603744179878,0.999650791145131,0.9999210488810294,0.9999118251954964,0.9991382468861513,0.9988162221161807,0.9982765790174978,0.997034986551143,0.9991913108061434,0.8881716652183378,0.9963162174461979,0.9997895914866276,0.999829806808711,0.9985633958562808,0.9993092518849228,0.9998370970685004,0.9997401445251574,0.9995547344982714,0.9995530950709082,0.9894455833301092,0.999148367413921,0.9988692851367184,0.999307452897722,0.9951202135485608,0.9993931913363404,0.9995188354108756,0.9996581916122593,0.9981956300668829,0.9998707789848418,0.9991162854923274,0.9982837334037531,0.9997293754767476
HBHC,0.9992854317598382,0.9996963250709819,0.9878349040833637,0.9802822240565121,0.9853519081973579,0.9997978941829593,0.9994833038037043,0.9993010565734366,0.9993621167726047,0.9995936737202494,0.9998305538706022,0.9997632855069075,0.999844706956032,0.9990142159478008,0.9991369243650593,0.9983119527756478,0.9962380834752973,0.9995215184043944,0.9993860025185495,0.998284225715923,0.9996798073118031,0.9993968738486873,0.9990198761227337,0.9996845602615094,0.9995348466016897,0.9994743711908154,0.9990466617304439,0.9997711095876404,0.9999999999999996,0.9985236212047927,0.9934666651514638,0.9983710354466497,0.9959851544868639,0.999803848522842,0.9995146871215468,0.9996264613654507,0.9994653695548038,0.9997911574373802,0.9995528638181888,0.9992725019990546,0.9992178618454645,0.9981531066996181,0.9978804713290756,0.9993243865492522,0.887606778130039,0.9972808673990105,0.9997794674271714,0.9998907423170915,0.9990954337703346,0.999456726222643,0.9997552898305536,0.9997836425808211,0.9997125963161791,0.9994405661292994,0.988942800949289,0.9993740620724743,0.9994498655518778,0.9995237512708293,0.9953356687818156,0.9997035794683667,0.9993828224993472,0.9997432935711374,0.9987203648230384,0.9994465051870491,0.999525947139724,0.9986878302858254,0.9998390319517463
HOMB,0.9994695479833282,0.9993957048596239,0.9939945922479745,0.9864743653601016,0.9867110740943906,0.9984112159374536,0.9995672239921923,0.998910994242752,0.9992162301359556,0.9980256975720861,0.9992082769948956,0.9987769659652836,0.9977745598941333,0.9980767265153357,0.9978122320491534,0.9994045542291837,0.9956292196971676,0.9988210985443632,0.9979819898377278,0.9999205176824647,0.9991258075157773,0.9989530517811447,0.9995887926388018,0.999407868662531,0.9994014574726283,0.999472480418754,0.9976434270170259,0.9982165934462887,0.9985236212047927,1.0,0.9952280174926582,0.9951445937168681,0.9981926759786233,0.9989181291214585,0.997850800017825,0.9987795753579044,0.9989139394880003,0.9986273844695908,0.9978611471983622,0.9982865455851669,0.9989891837620233,0.9941509459605318,0.9989915160260393,0.9973530044273524,0.8975954989647317,0.9947354110664682,0.9990119676707634,0.9981583101661466,0.9991083343923215,0.9996694795198356,0.9990979330895993,0.998258911808278,0.9986770195998989,0.9974350555685411,0.9918989305971527,0.9995672052542578,0.9994853084183902,0.9981112290225193,0.9963497027237072,0.9990522939441582,0.9966492939870151,0.9984798022267966,0.9979730804037227,0.9979158814093009,0.9981370856367722,0.9998305176370446,0.9984996975406616
HTH,0.9963243184578489,0.9944126791884681,0.9873059336283847,0.9775100910494993,0.997589587305652,0.9933548460327507,0.9955923537736788,0.9952827702942084,0.9950387702614564,0.9931184561279505,0.9944267323181613,0.9939256500123385,0.9933695678274059,0.9930915077266137,0.9954550906780313,0.9967372638937922,0.9950548220911527,0.9936539922899129,0.9939386822695376,0.9957603003850763,0.9938969683328253,0.9943196103914576,0.9950527763464161,0.9950527613298855,0.9941442280776912,0.9953851517558397,0.9936349348406943,0.9939532110115239,0.9934666651514638,0.9952280174926582,1.0000000000000002,0.9901475221623512,0.9930288697062156,0.9938458038313167,0.9935000288749988,0.9944704769472851,0.9960990338571613,0.9943745249903359,0.9932754924152818,0.9953510377932002,0.9948140138563818,0.9887827773484307,0.9935472974052146,0.9933270985001107,0.932481784755792,0.98430220152464,0.9937988639110064,0.9930756496224646,0.9943824350666148,0.9942279952817307,0.9948987385671094,0.9923904575273171,0.9945021107764855,0.9932133480257225,0.9989090857368552,0.9956418563861061,0.9941593588993282,0.9940625157048213,0.9987015797595967,0.9928043951989534,0.9909127633422539,0.9943834876900897,0.9939416519961565,0.9933543003726663,0.9938197202952574,0.9943578166041732,0.9938001872542225
