Ticker,ABCB,ABTX,AJX,ARI,AXP,BAC,BBT,BK,BOKF,C,CBKM,CFG,CFR,CIT,CMA,CNND,COF,DFS,EWBC,FCNCA,FFIN,FHB,FITB,FMAO,FMBH,FNB,GBCI,GS,HBAN,HBHC,HOMB,HTH,IBKR,IBOC,ISBC,JPM,JUVF,KEY,LARK,MBWM,MCBC,MS,MTB,NAVI,NKSH,NTRS,OPY,PACW,PBCT,PGC,PNC,PNFP,RF,SCHW,SF,SFBC,SIVB,SLFC,SRCE,STBA,STT,SYF,TFSL,TSC,UMBF,USB,WAL,WFC,WSBC,ZION
ABCB,1.0,0.8984027642714643,0.869159868589145,0.7860324774506819,0.8212596432777757,0.8898884880740632,0.8925867656518689,0.8848232118834108,0.91127343669947,0.8890287121772547,0.8964692608518615,0.8996555417935854,0.8902955497291507,0.9006140674286706,0.8969676301348414,0.891470306735534,0.8938358388242833,0.8938922300223251,0.8963258633101967,0.8874474889812404,0.875839668311333,0.8966511360148013,0.9120046771416571,0.8965004619321819,0.9122720962665761,0.9188946564596124,0.885574648311777,0.8583249682087576,0.8953723684340638,0.8990707692757519,0.9176087759354931,0.8632949841246653,0.8643853654588582,0.8901373174645546,0.906452921339414,0.8843745822810016,0.8768853505784088,0.9191135294876751,0.9782822611112114,0.9539272124548721,0.8957806004688578,0.832086989151296,0.898535886054367,0.8941102849216774,0.8894334967781802,0.8826880682410356,0.8063485506019882,0.9136147164932304,0.9034438601724917,0.9104332115448962,0.8936976868179887,0.8960066254831123,0.9071580725835207,0.8178798969456689,0.833455304116348,0.9765750953221088,0.8716986519722434,0.8820046814737861,0.9153843087860674,0.9188104104634266,0.883476862884866,0.8968278595603195,0.8967127642882117,0.8983191499798184,0.8883273421652772,0.9187710974932871,0.8949939889140276,0.9195146257437208,0.8989263980928447,0.8963450168406174
ABTX,0.8984027642714643,1.0000000000000002,0.982228467250304,0.8763889339228549,0.9184010402322822,0.9894100715727873,0.9964623031964297,0.9867908488956744,0.9757880067496754,0.9858510509960103,0.9971907480686139,0.9991796280325539,0.992827611459959,0.9989909390268552,0.9990945434069829,0.9985168778799917,0.9895112418493036,0.9973346943761005,0.9996355082348733,0.9932648285730924,0.9801164733283964,0.993534290330958,0.9854055627059004,0.999402219434897,0.9979864171768322,0.9978512929685805,0.9926163511011743,0.9610575065685957,0.9970680643800097,0.9972742323980469,0.9981468444209094,0.9913627984009116,0.9835108668927731,0.9950415851076795,0.9992041552394331,0.9859561017085131,0.9799889227666139,0.9859890140728255,0.953414169993276,0.9880993459203904,0.9993856612106762,0.9312481968413979,0.9981619229969734,0.9909091144797332,0.9852093247035123,0.9870765092767254,0.8778574848926074,0.993432140930096,0.9997625028506053,0.9987292952210076,0.9983339915677913,0.999856288524478,0.9985979579541605,0.9268131572786465,0.9191194084880021,0.9680279564783296,0.9780619924965102,0.98871917761277,0.9986900667837297,0.9982504946889846,0.9859295800981652,0.9954475116158671,0.9977667865454886,0.9974754356046879,0.9906297227126345,0.9926819274326646,0.9991522354303787,0.9902549652414934,0.998956126337532,0.9982417537350416
AJX,0.869159868589145,0.982228467250304,0.9999999999999998,0.9286980094304114,0.9352440406485887,0.9793177362963519,0.9872308220168168,0.9807047203959235,0.9724051985971329,0.9763108633477455,0.9797304639340729,0.9833743462039556,0.9817966966422554,0.9759574210635712,0.9785238138979594,0.9752017692827789,0.9866160551599101,0.9745172672492818,0.9790016592019443,0.9790011142289299,0.9851599068166521,0.9850137042006353,0.9773430145174703,0.9855163055805304,0.9830445950881168,0.9831872935791635,0.9862555328583291,0.9620109101334143,0.9811559816677932,0.9811095316311487,0.9857182610357962,0.9794606168442136,0.9700093805465674,0.9907627584879352,0.979959592056043,0.9759829826475706,0.9765684493977367,0.9752470308832154,0.9356143462248936,0.9606532489559764,0.9769022976606366,0.9426582897688349,0.9726742925028713,0.9497032959891607,0.9843839502065972,0.975082298165005,0.891127295291589,0.9747554211029238,0.981733644865347,0.972855801189599,0.9841631834212753,0.9849829683589076,0.9825971484624051,0.9404007436581453,0.9401097710905483,0.9343027132771023,0.9713880205644073,0.9752610893905848,0.981899029671229,0.976852235892173,0.9769945153866421,0.974345201368013,0.9723674151757499,0.9672006018148857,0.9799527482556873,0.9750786631297325,0.9789885757485925,0.974966386886205,0.989164889498365,0.9800979796534965
ARI,0.7860324774506819,0.8763889339228549,0.9286980094304114,1.0,0.9646197050983504,0.9247445708726316,0.9106994785082612,0.9322720594664218,0.943530954639683,0.929650310553942,0.8967569213257675,0.891112861825186,0.9180075320575267,0.8722551944997035,0.8819790011086454,0.870938583940322,0.9323349820095372,0.8759587796036636,0.8752473218579856,0.9107110958373784,0.9505585629067513,0.9204723363892627,0.9306992598961767,0.891116609458334,0.8965820794054002,0.8933849089054234,0.9229764776307204,0.9563294702097007,0.900082075119638,0.8993538360102062,0.8874589666760953,0.8722732428162401,0.9173295672481112,0.9190311215195247,0.8839109203349327,0.9281809026769756,0.9427217038241275,0.9247313029386297,0.8831985414820612,0.8546709010331762,0.8713523337783136,0.9722581162752094,0.8460141437624505,0.809392631975609,0.9414515325491428,0.9233382773996114,0.8212440459716612,0.8866551787966005,0.8814252845972043,0.8622523860081541,0.897227606132888,0.8830175321329795,0.8930579914941589,0.9744131283622174,0.9744263318102857,0.8201064283400218,0.9383287631706749,0.8606424354934415,0.8864870423222821,0.8641036261847027,0.9297550110643117,0.8561743106531805,0.843937840343055,0.847768204805983,0.9217092551874239,0.9012290359328496,0.8804511387678551,0.9127522619742132,0.893545740821082,0.8918354983617293
AXP,0.8212596432777757,0.9184010402322822,0.9352440406485887,0.9646197050983504,1.0,0.9593758613291044,0.9470152302314442,0.9663949327470677,0.9700786803176702,0.9637322515040697,0.9403593510767944,0.9315340802080658,0.9541346804629439,0.9198170625275159,0.9269838960854713,0.924173327180833,0.9635635747126545,0.9306780052383863,0.9200112340596134,0.9521166696679835,0.9728790450693393,0.9527594379396315,0.961814816737298,0.9307445813275819,0.93577367403947,0.929798175792751,0.9565797851498506,0.9827017119497123,0.9417680105200786,0.9389414879939547,0.922825141788349,0.9304970293619548,0.9572513427391253,0.9487103645552191,0.9265320983167427,0.9642420868278387,0.9720654832493394,0.9582741789981694,0.9169019858485032,0.9008713646432115,0.9189049399701223,0.9897660081479634,0.8970886026483416,0.8723847801816745,0.966394173716688,0.9622924880871141,0.9067619299212115,0.9159852829989258,0.9227911638613095,0.9105120499747631,0.9369703716363341,0.9216473427684934,0.9337930899373157,0.9853544738562554,0.9983605718299837,0.8682308812486417,0.9718214856647247,0.9206467966462197,0.9281310610761667,0.9065482041029675,0.9655379694310505,0.9137770521340368,0.890817365194181,0.9001912668568467,0.9589330486265971,0.9422042742525794,0.9257812332296748,0.9509477984541786,0.9269315002160344,0.9349819558856227
BAC,0.8898884880740632,0.9894100715727873,0.9793177362963519,0.9247445708726316,0.9593758613291044,1.0,0.9973679420226779,0.9995273658055402,0.9947662324681221,0.9997025148022987,0.9969656763471983,0.9942759709134051,0.9996375808401531,0.990227597858126,0.9933862451187315,0.9904517851036251,0.9981262484686847,0.991232674515518,0.9908175999186609,0.9991683895506961,0.9962313555784821,0.9991557797524703,0.9980218712684068,0.993207257542436,0.9949447156209411,0.9928546477640697,0.998885060328023,0.9907585618967558,0.9973849111901696,0.9967572342051192,0.9888916954145489,0.980551755853019,0.9967322775320665,0.9967627372470984,0.9931256892759879,0.9996857155968307,0.9982775064556938,0.9972361582514709,0.9610400465397725,0.9768919104399622,0.9902945559707204,0.9735391331630177,0.9800420784960369,0.9698381279362374,0.9985848678714137,0.9996077416892857,0.8745837317156107,0.9886344378898089,0.9915053302336492,0.9873464900017832,0.9957026622810545,0.9904481028460241,0.9945366837797677,0.9705625187509381,0.9608403051325665,0.9523344255467011,0.9977031817233217,0.9735357265352688,0.9920013066091088,0.9842503250316822,0.9996414749600512,0.9798788835980685,0.9785898322540542,0.9836745624554204,0.9998728729346056,0.9950820541911422,0.9927102826615125,0.9973984835419045,0.9909665294456672,0.9957941040772108
BBT,0.8925867656518689,0.9964623031964297,0.9872308220168168,0.9106994785082612,0.9470152302314442,0.9973679420226779,1.0000000000000002,0.9966087983661527,0.9885964758798719,0.9954563446194644,0.9989141224702837,0.9987110262958493,0.9988484558756072,0.995662405094373,0.9976015839774023,0.9959768065258117,0.9978297488300025,0.9960001973666257,0.9966100798389919,0.9985655368486623,0.9931162671363564,0.9992104831314508,0.9944720678238195,0.9987067053923165,0.9985618895328842,0.997251456805481,0.9991931471005597,0.9800675091154513,0.9992824558705613,0.9988183135635413,0.995902963206704,0.990257032608176,0.9927088499789617,0.9995465272380627,0.9976311181095281,0.9955886431227439,0.9927401064171053,0.9940137268790626,0.9580105521743476,0.9824192216860186,0.9960315621953368,0.9579900060853384,0.989949415993889,0.9787869177275775,0.9957757915293336,0.9959462481148537,0.8874550525004359,0.9915573528409939,0.997302742165394,0.9935208475475161,0.9992401983441747,0.9972667793723008,0.9986460449287523,0.9542718490243328,0.9481528885609419,0.9588073793673229,0.991154878335331,0.985453928601998,0.9972849881436605,0.992227489881774,0.9957716049908847,0.9900043942177356,0.9887319636872007,0.990465786951686,0.9980138942499738,0.9957843714613599,0.9974545598026431,0.9956669454349455,0.9976982267651948,0.9987253441806184
BK,0.8848232118834108,0.9867908488956744,0.9807047203959235,0.9322720594664218,0.9663949327470677,0.9995273658055402,0.9966087983661527,0.9999999999999996,0.9954343049008934,0.999484964113252,0.9952274073744157,0.9922045193685713,0.9988934506987114,0.9870548998172488,0.9908116812849854,0.9880909013086576,0.9985810046346911,0.9891081940421765,0.9880818290124896,0.9982894108732997,0.998045742766321,0.9984758100181719,0.9977443908305058,0.9914390925564571,0.993131401015459,0.990654568143889,0.9988637856157677,0.9929657121995453,0.9957666826554267,0.9947291286999426,0.9868223377109641,0.9808324143844942,0.9962848950032203,0.9964409984296645,0.9906071719157468,0.9996072868276697,0.9991349341151406,0.9965859678256547,0.958979096031016,0.97281780490472,0.9874581227131253,0.9778370066318083,0.9763318842209823,0.9640276793038932,0.9992375696499738,0.9993676208636444,0.8831815459923459,0.98450024780086,0.9889145474391031,0.9836858059490373,0.9940761589443582,0.9881436766446917,0.9925503192333337,0.9747169679824489,0.967631590515252,0.9469578436567664,0.9984907059834555,0.9734772357179434,0.989832004626564,0.9806585872457733,0.9997562802689814,0.9777822161537965,0.9744053280726322,0.9793828829025691,0.9994926192960859,0.9933020082314297,0.9903128116448187,0.9959670374821437,0.9891712669730619,0.9937264154776938
BOKF,0.91127343669947,0.9757880067496754,0.9724051985971329,0.943530954639683,0.9700786803176702,0.9947662324681221,0.9885964758798719,0.9954343049008934,1.0,0.9961269782165277,0.9868994364959565,0.9832360583473254,0.9925569945628251,0.9767649857394473,0.9806576466993935,0.9757137101776922,0.9946586118227433,0.9781386017156193,0.9768363896792608,0.9906313147858663,0.9947869558686129,0.9932177154148252,0.9987020290119042,0.9815067067753251,0.987222864359066,0.9857749079957172,0.9917802220520561,0.9929268206752948,0.9875230728091882,0.9872630702038345,0.9806377087368227,0.9639778668671233,0.9874142327393202,0.9889373086409204,0.9822527059731991,0.9951361550482023,0.9960531431074932,0.9981758159074334,0.9762763128156292,0.9736495803075552,0.9758577259792233,0.9820519088890826,0.9629738240069236,0.9490726590562959,0.9966714728422714,0.9937839357234474,0.8776094035721369,0.9799418968665145,0.9794638119744985,0.9743524709257279,0.9848349915343401,0.9772773226572674,0.9851140205048632,0.9777469741662437,0.9741668067406409,0.9542073809463341,0.9946394698766272,0.9594410309986636,0.9832280342602773,0.9729746803926321,0.9951385325218438,0.9654020293838622,0.9607119005900656,0.9668885373967787,0.9937193894229621,0.9903138684938917,0.9794438986013252,0.9954627959364023,0.9799517460999451,0.9845988913953176
C,0.8890287121772547,0.9858510509960103,0.9763108633477455,0.929650310553942,0.9637322515040697,0.9997025148022987,0.9954563446194644,0.999484964113252,0.9961269782165277,1.0000000000000002,0.9950771764680744,0.9916716117621375,0.9987269309052593,0.9871523109106584,0.9906464745951069,0.9872494893193,0.9974997368049466,0.9885952049958848,0.9875237653036403,0.9981069959961542,0.9964592466520323,0.9980691197871806,0.9983284388000955,0.9902347837245719,0.992680060094174,0.9903947534326636,0.9977319695731501,0.993356563711994,0.9955480851573646,0.9949212469936605,0.9856625573064417,0.9766134147167692,0.9964065735269159,0.994847279429262,0.9903743432764273,0.9998907011802223,0.9990526439700761,0.9974121782235416,0.9617378679129421,0.9741195558344282,0.986985281632814,0.9779801440707503,0.9754571687674984,0.9650415887853081,0.9985879206300061,0.9995599461585225,0.8725038082558707,0.9862672896969092,0.9883348588567155,0.9839525898146063,0.9934036477141414,0.9870026587052161,0.9920097734975339,0.975041223658359,0.9651569015119453,0.9494731775583094,0.9986704538056305,0.9692389081853681,0.9891938925236363,0.9805458949745847,0.999763449813419,0.9758971069446718,0.9737736389155734,0.9798342927837254,0.9993336534756322,0.9935286814757174,0.9897611588551437,0.9969512972277957,0.9877546862326748,0.9935360970672191
CBKM,0.8964692608518615,0.9971907480686139,0.9797304639340729,0.8967569213257675,0.9403593510767944,0.9969656763471983,0.9989141224702837,0.9952274073744157,0.9868994364959565,0.9950771764680744,0.9999999999999999,0.9991767666377235,0.9985237932118878,0.997639632227211,0.9991747759053985,0.9978858989485189,0.9953171750634136,0.9977290031048703,0.9980584545030449,0.9989374210679639,0.9890900082340398,0.9982381757843928,0.9936712071284198,0.9985536078404172,0.9987944419446335,0.9974957194451523,0.9976370117178781,0.9776936370826173,0.9998818340684128,0.9995543394612234,0.9953257770819839,0.9889268632016094,0.9928474864631012,0.9973109395232737,0.9988664718891007,0.9952408839498078,0.99096796584363,0.9937872517343874,0.9594777254262954,0.9855642563486379,0.9979280752561239,0.9534514109049874,0.992277813864827,0.9850328836030436,0.9932010416084193,0.9959734431919649,0.8790964594438316,0.9929609767159366,0.9981170016366455,0.9962715180800896,0.999467357028304,0.9973408537908891,0.9989709510336898,0.9493603728378491,0.9406532113151492,0.9635149193457243,0.9901498994526493,0.9838911869737348,0.9977883543397777,0.9938219611549849,0.9951275447991452,0.9908626965346048,0.9911186488600232,0.9942440752010508,0.9976363027594217,0.9964138684244556,0.9988388601609794,0.9963560130764233,0.9966900897359378,0.9998146260418301
CFG,0.8996555417935854,0.9991796280325539,0.9833743462039556,0.891112861825186,0.9315340802080658,0.9942759709134051,0.9987110262958493,0.9922045193685713,0.9832360583473254,0.9916716117621375,0.9991767666377235,0.9999999999999997,0.9966576883186914,0.998841155810858,0.9995885290682242,0.9982449214533892,0.9939670205828665,0.9979173431305641,0.999212550008887,0.9968006760884964,0.9862803078944451,0.9970802818817904,0.9910912557499988,0.9997075783836488,0.9993049788328762,0.9987578180156022,0.9962016988340733,0.9709943710729221,0.9992285173492768,0.9993393628289954,0.9978413533243696,0.9902828895381589,0.9886436392702229,0.9974023701263384,0.9996400715267748,0.9916650341590972,0.9868344792187193,0.991343640224687,0.9585058315250645,0.9877103438412181,0.998889129102568,0.9444540810245937,0.9953739803823269,0.9872708870668462,0.9907760002769582,0.9923567128360526,0.8796259751583616,0.9944511950811113,0.9995809831044342,0.9978392339852111,0.9997147145559266,0.9993317466859193,0.9995577024172054,0.9402287767460434,0.932302473839981,0.9668300275096652,0.9851802319997812,0.9867525204560121,0.9990437194757941,0.9968448377175223,0.9915513705480518,0.9936876067686596,0.9946017977173809,0.9958327387337135,0.9950909973698435,0.9952198390656045,0.9993343081325881,0.9945063139453958,0.9989078172330623,0.9996207254698692
CFR,0.8902955497291507,0.992827611459959,0.9817966966422554,0.9180075320575267,0.9541346804629439,0.9996375808401531,0.9988484558756072,0.9988934506987114,0.9925569945628251,0.9987269309052593,0.9985237932118878,0.9966576883186914,0.9999999999999998,0.993192285385823,0.9958989315326295,0.993494577386382,0.9982361783755642,0.9939568809306475,0.9939149445648293,0.9997198077183824,0.995150969996891,0.9996856077974757,0.9970024119897265,0.9959114862794102,0.9968540500717239,0.9950045344669469,0.9994862935427347,0.9871223484854228,0.9988596206475376,0.998315251772082,0.991890181373168,0.9846713472328461,0.996065115358204,0.998159137762029,0.9956059567033927,0.9988057260696519,0.9966515050552769,0.9963629502452217,0.9596428891436637,0.9794944672119811,0.9934319127179517,0.9677111628598026,0.984731945427284,0.9748118758787131,0.9977834530676795,0.9989659720311069,0.877551966613957,0.9904835595299378,0.9944189200511335,0.9906464819667274,0.9977770720409183,0.9937018652237128,0.9966867927091492,0.9645431198654497,0.9552587299716173,0.9551326825685815,0.9958612201790357,0.9783083776504485,0.994532730769585,0.98795572792461,0.9987933311110926,0.9843678326786784,0.9834292958194999,0.9874636471133076,0.9998170416701624,0.9958492905447547,0.9954129983493101,0.9972507138365437,0.9939628554128936,0.9977425717277547
CIT,0.9006140674286706,0.9989909390268552,0.9759574210635712,0.8722551944997035,0.9198170625275159,0.990227597858126,0.995662405094373,0.9870548998172488,0.9767649857394473,0.9871523109106584,0.997639632227211,0.998841155810858,0.993192285385823,0.9999999999999998,0.9993516891912532,0.9986614281105202,0.9890522833626563,0.9982450719528302,0.9991385801444439,0.9939350127439894,0.9785852153578782,0.9932203183233548,0.9863163776376201,0.9982213766119619,0.9975506524138711,0.9972273828734338,0.991773797300986,0.962750613140846,0.9974564746133592,0.9979995507214204,0.9962618759102014,0.9890588273278764,0.9850471375552442,0.9932403775104934,0.9990123591602124,0.9871717819906,0.9807282118754628,0.9871708928291758,0.955485522126425,0.9889041489857173,0.9991667687122544,0.9329720023959832,0.9973925762691669,0.9924706336052345,0.984588715111654,0.988390547149773,0.874511284450196,0.9952202111954553,0.9992168538607654,0.9991291314878353,0.9978188598561527,0.9984477530262186,0.9983038046208332,0.9282963241777208,0.9195843541584453,0.9696178546594757,0.9793013880691641,0.9860334908556221,0.9980329682595958,0.9978147940592562,0.9869250574767513,0.9948003002029931,0.9968027097761187,0.9982616143326589,0.9912492404447981,0.9933966699692889,0.9987852600563628,0.9918944535686897,0.9970827860937043,0.9985316636049669
CMA,0.8969676301348414,0.9990945434069829,0.9785238138979594,0.8819790011086454,0.9269838960854713,0.9933862451187315,0.9976015839774023,0.9908116812849854,0.9806576466993935,0.9906464745951069,0.9991747759053985,0.9995885290682242,0.9958989315326295,0.9993516891912532,0.9999999999999997,0.9991923060211975,0.9917706699003707,0.9984555802552341,0.9996783891775832,0.996597134800181,0.9834807517677524,0.9958126099049202,0.9892820874424235,0.9991796744944559,0.9985665733729838,0.997753369145114,0.9948938199506541,0.9689315040676942,0.9990068809634937,0.9989650895235318,0.99651678642744,0.9898271089551063,0.9890577394229535,0.9956850459291544,0.999668785872456,0.9908411492115099,0.9852225361613134,0.9897691113408676,0.9558967167220627,0.9874763824461817,0.9996263489414405,0.9411404494216705,0.9962364573567488,0.9904485500120327,0.9885472398672839,0.9919373678278508,0.8738424415414311,0.9940618521261527,0.9994820084447021,0.9986094438188278,0.9992132431074333,0.9989017327334822,0.9991263917729705,0.9369744047208758,0.9271509625174853,0.9664775172727312,0.9842080474882801,0.9858334731015793,0.9984677193748964,0.9966072164351969,0.9906478481564692,0.9935402219339438,0.9955576124038288,0.9975060827419858,0.994328181639055,0.9949898357637242,0.9998073118117259,0.9935892998273532,0.9976082729427697,0.99971797512778
CNND,0.891470306735534,0.9985168778799917,0.9752017692827789,0.870938583940322,0.924173327180833,0.9904517851036251,0.9959768065258117,0.9880909013086576,0.9757137101776922,0.9872494893193,0.9978858989485189,0.9982449214533892,0.993494577386382,0.9986614281105202,0.9991923060211975,1.0,0.989001068015339,0.9989128459745352,0.9993001430696946,0.994954404605335,0.9799187187700508,0.9930676785451104,0.9852918811005413,0.9983167436719335,0.9969315718800613,0.995614501036295,0.992801048467371,0.9641853671884351,0.9975315624431171,0.9968665425626505,0.9950087698671434,0.9930821721527937,0.9874658819585951,0.9935448393899123,0.9985755773566686,0.9879122782592745,0.9815265719064894,0.9859762666625892,0.9505577452046808,0.9856426464556605,0.9995468416650852,0.9351067078888357,0.997049179713766,0.9920142014460304,0.9847639022049512,0.989560275290298,0.8822024923434422,0.9899688673208576,0.9985452541712965,0.998068162542628,0.9977713757579849,0.9980078875734993,0.9979214985605283,0.9302643864525668,0.9229936751866546,0.9640458939362739,0.981002666653771,0.9894108232631571,0.9973900981843412,0.995435545887479,0.9878764089433733,0.9952350638997144,0.9958778468984344,0.9976724357045282,0.9919671680900913,0.993406424192306,0.9994359367596188,0.990452927879275,0.9959956706751179,0.9985478910132259
COF,0.8938358388242833,0.9895112418493036,0.9866160551599101,0.9323349820095372,0.9635635747126545,0.9981262484686847,0.9978297488300025,0.9985810046346911,0.9946586118227433,0.9974997368049466,0.9953171750634136,0.9939670205828665,0.9982361783755642,0.9890522833626563,0.9917706699003707,0.989001068015339,1.0000000000000002,0.9908205999466898,0.9895970042448295,0.997026218177224,0.9975908592871139,0.9987936095092752,0.9974325342453721,0.9936640799741733,0.9951387001666475,0.9934748225581417,0.9988745127631964,0.9882262526058812,0.9960487794198113,0.9957000263963086,0.9911324810755411,0.9841653581928584,0.9924489920559294,0.9981911767607119,0.9921758234954846,0.9973254398938429,0.99672670713464,0.9965007394027535,0.9625547686156313,0.9769370059201145,0.9886534684018936,0.9717603230838433,0.9796650225392692,0.9651470452798042,0.9988473136766809,0.9969027361372838,0.8942977634305787,0.9872220654085294,0.9912223101903538,0.9857249300420293,0.9951988466426258,0.9909072489758425,0.9945989523948574,0.9679699949083015,0.9651773852941573,0.9529175039939988,0.9948729332429285,0.9798018402489603,0.99262813162854,0.9848969083720859,0.9976445009304211,0.9830070349604572,0.9777578305227501,0.9805128635629307,0.9982911594029266,0.9943070889901457,0.9912133904404787,0.9961723722523752,0.9927802929743513,0.9942356290485203
DFS,0.8938922300223251,0.9973346943761005,0.9745172672492818,0.8759587796036636,0.9306780052383863,0.991232674515518,0.9960001973666257,0.9891081940421765,0.9781386017156193,0.9885952049958848,0.9977290031048703,0.9979173431305641,0.9939568809306475,0.9982450719528302,0.9984555802552341,0.9989128459745352,0.9908205999466898,1.0000000000000002,0.9980340537760304,0.9951352173751715,0.9811545117916918,0.993472240101381,0.9869110122529507,0.9975161052953168,0.9967121037321406,0.9953424708785131,0.9930785815552455,0.9668542630280397,0.9975819041339944,0.9973101382715063,0.9944310159181602,0.9927527641805934,0.9874335470485717,0.9934064469569166,0.9977849517080658,0.9891058318500673,0.9829242046271279,0.987563126615543,0.9532806122999469,0.985477458954261,0.9981957259591776,0.9389892446776636,0.995301522845933,0.9894526611331527,0.9857765519645029,0.9903218648401159,0.8882764254551611,0.9895780171335109,0.9975131599239747,0.9969703009323587,0.9975687810342911,0.9968958833455002,0.997616282414932,0.9336885849543679,0.9283874165696838,0.9641894846906323,0.9823535927708031,0.990953091642049,0.9969479066864606,0.9948011805216569,0.9888396798614831,0.9966843655781342,0.993499252091221,0.995892990539527,0.9926505256774247,0.9934157902299362,0.9983512495933052,0.9916567381993319,0.9953483794546667,0.9981303999863604
EWBC,0.8963258633101967,0.9996355082348733,0.9790016592019443,0.8752473218579856,0.9200112340596134,0.9908175999186609,0.9966100798389919,0.9880818290124896,0.9768363896792608,0.9875237653036403,0.9980584545030449,0.999212550008887,0.9939149445648293,0.9991385801444439,0.9996783891775832,0.9993001430696946,0.9895970042448295,0.9980340537760304,0.9999999999999999,0.9947320691633286,0.9807110046202069,0.9941069675635931,0.9863322714843048,0.9992122433379125,0.9980015509744865,0.9974012136492555,0.9932639341102092,0.9636939601718675,0.9978657630239587,0.9977203313556117,0.9970346733955197,0.9906553128876673,0.9863893412264793,0.9948083882539335,0.9995054628795038,0.9878067684073825,0.9816509663185188,0.9869545374415455,0.9532489700807718,0.9876494593094429,0.9999298459799204,0.9342721233371596,0.9977555611042516,0.9919940263470634,0.9858900947471267,0.989076198515501,0.872883893592183,0.9929370927800167,0.9996473668593677,0.9989735547251458,0.9985765489756555,0.9993860447410629,0.9987137397591366,0.9300459623271852,0.9203632191918661,0.9669587679648504,0.9804958968960309,0.9874101138622071,0.9984388905989549,0.9973403574699707,0.9876497129643099,0.9945519664196665,0.9972660536083306,0.9982013046169967,0.9919872894921989,0.9937110888450679,0.9998310557406852,0.9911910675404059,0.997870462770715,0.9989657873104523
FCNCA,0.8874474889812404,0.9932648285730924,0.9790011142289299,0.9107110958373784,0.9521166696679835,0.9991683895506961,0.9985655368486623,0.9982894108732997,0.9906313147858663,0.9981069959961542,0.9989374210679639,0.9968006760884964,0.9997198077183824,0.9939350127439894,0.996597134800181,0.994954404605335,0.997026218177224,0.9951352173751715,0.9947320691633286,0.9999999999999999,0.9934791567533321,0.9989933394630842,0.9957222159471619,0.9960617772223995,0.9966756488031183,0.9945105132470793,0.9990058098809003,0.9857283056781442,0.9991176230306981,0.9982484731898814,0.9913430825551112,0.9862200028041047,0.9966753784490637,0.9973339596205776,0.9959937708280646,0.9984430433967724,0.9956283879349802,0.9952272483115074,0.9572922042911909,0.9793977584818838,0.9945038356706093,0.9653280404933587,0.9860770819567113,0.9775728951539219,0.9963161287074166,0.9989367865938599,0.8780296557338094,0.989485870266087,0.9947348830723003,0.9915521121160803,0.997893003076762,0.993876964800996,0.9967417702557971,0.9619412434332734,0.9523856060049714,0.9547044514025923,0.9953609425330086,0.9795445206922878,0.9945624478338386,0.9880773834365485,0.9983860421601595,0.9854961280105121,0.9845996500716502,0.9890977440283519,0.9995745633754247,0.9957394465399105,0.9962700087770703,0.9966074646592318,0.9934567455700141,0.9982164808986295
FFIN,0.875839668311333,0.9801164733283964,0.9851599068166521,0.9505585629067513,0.9728790450693393,0.9962313555784821,0.9931162671363564,0.998045742766321,0.9947869558686129,0.9964592466520323,0.9890900082340398,0.9862803078944451,0.995150969996891,0.9785852153578782,0.9834807517677524,0.9799187187700508,0.9975908592871139,0.9811545117916918,0.9807110046202069,0.9934791567533321,1.0000000000000002,0.9955338370119268,0.995252985162294,0.9862679665060636,0.9878401455776475,0.9852754757077294,0.9966485278521063,0.9939484358788366,0.9901031755271998,0.9888776937042597,0.9821105653437362,0.9759236002471698,0.9922237016921253,0.9947163954993282,0.9837822954496167,0.9964829771215817,0.9983112578265534,0.9932752771391388,0.9538453615670474,0.9634048031288763,0.9794586504286019,0.9828049929112577,0.9668359987481673,0.9495244471169667,0.9991267389628212,0.9956408080292122,0.8859334472759078,0.9775321917432735,0.9823203329254949,0.9744554866470825,0.9887743422670716,0.9824259613781595,0.986937325584442,0.9804765711219828,0.9756632679063504,0.93543908242112,0.9968349778659399,0.9685181413012154,0.9838334071532016,0.972650760993806,0.9970284789378809,0.9699082454635665,0.9649297223034671,0.9685225942870599,0.9960097676472796,0.9880922472441893,0.9832537247014825,0.99096045936192,0.9850116831350121,0.9872795469399244
FHB,0.8966511360148013,0.993534290330958,0.9850137042006353,0.9204723363892627,0.9527594379396315,0.9991557797524703,0.9992104831314508,0.9984758100181719,0.9932177154148252,0.9980691197871806,0.9982381757843928,0.9970802818817904,0.9996856077974757,0.9932203183233548,0.9958126099049202,0.9930676785451104,0.9987936095092752,0.993472240101381,0.9941069675635931,0.9989933394630842,0.9955338370119268,1.0,0.9974867704422717,0.9965478507795223,0.9977155440156824,0.9963577197262543,0.9995418105131284,0.9856827078424651,0.9986613492020198,0.9983324909189804,0.9938337817441143,0.9845967000751217,0.9941622014499883,0.9989935619904,0.99606852057124,0.9979218388755983,0.9959521817322067,0.9969310138287328,0.9630637019864783,0.9816853484568159,0.9934157892135266,0.9661278624035056,0.9853540297519328,0.9741626729284203,0.9981732100574687,0.9978782005733043,0.8796336887273868,0.9914478055198415,0.9950818149857354,0.9910601840267779,0.9979595667285164,0.9945342296821599,0.997305246804037,0.9627661425995023,0.9548086773243648,0.9585640309675749,0.9945627208701904,0.9793188930762551,0.9956152136686222,0.9894264878434975,0.9979790594062352,0.985043962798717,0.984194261481268,0.9872244916166231,0.9992832433892957,0.9963274879209268,0.9953848282383949,0.9975861707019841,0.9953083283191962,0.9975933040625797
FITB,0.9120046771416571,0.9854055627059004,0.9773430145174703,0.9306992598961767,0.961814816737298,0.9980218712684068,0.9944720678238195,0.9977443908305058,0.9987020290119042,0.9983284388000955,0.9936712071284198,0.9910912557499988,0.9970024119897265,0.9863163776376201,0.9892820874424235,0.9852918811005413,0.9974325342453721,0.9869110122529507,0.9863322714843048,0.9957222159471619,0.995252985162294,0.9974867704422717,1.0,0.989625081683184,0.9938197514188617,0.9926004814354986,0.9960540969561686,0.9901576371276124,0.9941146255662093,0.9939633173814014,0.9883991894637965,0.9736990545827863,0.9914575871974208,0.9941801493400563,0.9904149058136018,0.9975936496702151,0.9967661563575367,0.9997849990527325,0.9751598687159464,0.9812009264395345,0.9855861917156779,0.9747655379587179,0.9751662022649792,0.9634729832057717,0.9981166857476661,0.9968498987071421,0.8786092961766819,0.9876611307813719,0.9882943353192173,0.9843459451646639,0.9921023583858749,0.9864498982996228,0.9924103420328305,0.9705067671931158,0.9650555388733053,0.9615523913205127,0.9954274627719357,0.969334637739986,0.9908430380079472,0.9828443920724023,0.9975157452218462,0.9760741661352123,0.9733575024043899,0.9785204430860837,0.9974272572037443,0.9953216093072472,0.9882734594837455,0.9987986380947558,0.9881108399808588,0.9921272002343429
FMAO,0.8965004619321819,0.999402219434897,0.9855163055805304,0.891116609458334,0.9307445813275819,0.993207257542436,0.9987067053923165,0.9914390925564571,0.9815067067753251,0.9902347837245719,0.9985536078404172,0.9997075783836488,0.9959114862794102,0.9982213766119619,0.9991796744944559,0.9983167436719335,0.9936640799741733,0.9975161052953168,0.9992122433379125,0.9960617772223995,0.9862679665060636,0.9965478507795223,0.989625081683184,1.0000000000000002,0.9990042424114671,0.998359633190769,0.9961029821998204,0.9691839780701961,0.998621824123857,0.9984638659029418,0.9981847477567237,0.9921884553858988,0.9878270676027148,0.9977904254362323,0.9993148659660142,0.9903946437876616,0.9857325256099728,0.9897802114740938,0.9557474657922604,0.9864370035444575,0.9988095859496817,0.9425027690861897,0.9956776093901406,0.9865706816518974,0.9902262406805723,0.9912425054500796,0.8837023987655026,0.9929600506067711,0.9995523214446129,0.9972888054637963,0.9994342556937932,0.9996690210095162,0.9994150758872657,0.9383234906440557,0.9316950327988315,0.9648084688283612,0.9839285146965508,0.9888222385665684,0.9989598929616665,0.9965311756862171,0.9905112992534376,0.9941967671050044,0.9949284556904803,0.9952450200692624,0.9942620536914618,0.994745440817831,0.9992720408304971,0.9929454224039971,0.9993208786513841,0.9991151502793267
FMBH,0.9122720962665761,0.9979864171768322,0.9830445950881168,0.8965820794054002,0.93577367403947,0.9949447156209411,0.9985618895328842,0.993131401015459,0.987222864359066,0.992680060094174,0.9987944419446335,0.9993049788328762,0.9968540500717239,0.9975506524138711,0.9985665733729838,0.9969315718800613,0.9951387001666475,0.9967121037321406,0.9980015509744865,0.9966756488031183,0.9878401455776475,0.9977155440156824,0.9938197514188617,0.9990042424114671,1.0,0.9996521974014423,0.9963952135345525,0.973041674203967,0.9988132616833942,0.9988715519411668,0.9985682990364761,0.9880485095538644,0.988248629572098,0.9975058051460991,0.999397356490031,0.9924090700619298,0.9880636005521514,0.9943958140949206,0.9675823563976278,0.9909079913535096,0.9975875718886942,0.9480108068919779,0.9934818034184285,0.9846264740450954,0.9923692233532295,0.9928834606067817,0.8834903627710674,0.9944014582351907,0.9989526575088653,0.9971531655223136,0.9988929410373392,0.9981516082610976,0.9997685240729683,0.9431329937907421,0.9376951027837949,0.9722953055501483,0.9862555947656401,0.9857600300952357,0.999638116268285,0.9966141049607788,0.992396483586487,0.9922275582008082,0.9924643492998813,0.993945009463097,0.9955609744649878,0.9975022460272003,0.9983264352361195,0.9967752286111969,0.9981920258320983,0.9989438360885021
FNB,0.9188946564596124,0.9978512929685805,0.9831872935791635,0.8933849089054234,0.929798175792751,0.9928546477640697,0.997251456805481,0.990654568143889,0.9857749079957172,0.9903947534326636,0.9974957194451523,0.9987578180156022,0.9950045344669469,0.9972273828734338,0.997753369145114,0.995614501036295,0.9934748225581417,0.9953424708785131,0.9974012136492555,0.9945105132470793,0.9852754757077294,0.9963577197262543,0.9926004814354986,0.998359633190769,0.9996521974014423,1.0,0.9944418127682677,0.9690003893139194,0.9974820793764475,0.9980316506517865,0.9992340798411861,0.9858455701401333,0.9845074403244336,0.9963102763319502,0.9990094326014144,0.9898062006977555,0.9851762928936761,0.9934154631848534,0.9700385189368851,0.9929946099618515,0.9968812691004535,0.9428852353249093,0.9938071922464152,0.9848763744790797,0.9904481842360364,0.9901164839719175,0.8804146819294977,0.9954420696029531,0.9987439689749537,0.9973445932417977,0.9979607183857274,0.9979483535029472,0.9991904472467011,0.9377948275505592,0.9324738836382933,0.9763220072182043,0.9827916569192136,0.9844439265391154,0.9996185166940104,0.9977658451017654,0.9897293768700793,0.9919109845552188,0.99309141199824,0.9938316762714942,0.993352392990303,0.9964560631412029,0.9973542609214254,0.9959612185454095,0.9982947626588614,0.9978512658492106
GBCI,0.885574648311777,0.9926163511011743,0.9862555328583291,0.9229764776307204,0.9565797851498506,0.998885060328023,0.9991931471005597,0.9988637856157677,0.9917802220520561,0.9977319695731501,0.9976370117178781,0.9962016988340733,0.9994862935427347,0.991773797300986,0.9948938199506541,0.992801048467371,0.9988745127631964,0.9930785815552455,0.9932639341102092,0.9990058098809003,0.9966485278521063,0.9995418105131284,0.9960540969561686,0.9961029821998204,0.9963952135345525,0.9944418127682677,0.9999999999999999,0.9867168790644594,0.9981107399448743,0.9972572372825267,0.9922047404739505,0.9870756837274803,0.9950751924862224,0.9991898336460849,0.9947605040168823,0.9979567277265117,0.9964278326964128,0.9950797778952288,0.9565474556591896,0.9770384543287324,0.9925862325140169,0.9680078442332601,0.9840409163652709,0.9717935032611664,0.998230100946847,0.9980538840876537,0.885367551934477,0.988045612648857,0.9938953568508881,0.9890463805018879,0.9975289377295723,0.9938253293507369,0.9962207440721483,0.9648797305343693,0.9578486269606794,0.9514084039226127,0.9952659925425247,0.9808568884078069,0.9941216042005339,0.986937055117927,0.9981925964583783,0.9846901154740137,0.9826005656988649,0.985458588381026,0.9992873684490573,0.9946782830481044,0.9947754186149069,0.9955611571809281,0.9945693776645842,0.9968712068172874
GS,0.8583249682087576,0.9610575065685957,0.9620109101334143,0.9563294702097007,0.9827017119497123,0.9907585618967558,0.9800675091154513,0.9929657121995453,0.9929268206752948,0.993356563711994,0.9776936370826173,0.9709943710729221,0.9871223484854228,0.962750613140846,0.9689315040676942,0.9641853671884351,0.9882262526058812,0.9668542630280397,0.9636939601718675,0.9857283056781442,0.9939484358788366,0.9856827078424651,0.9901576371276124,0.9691839780701961,0.973041674203967,0.9690003893139194,0.9867168790644594,1.0000000000000004,0.9786886062324666,0.9771167291054421,0.9617644139297473,0.9551351955538863,0.9896880598150231,0.9806721809496795,0.9682189256665354,0.9933991546857693,0.996755306802044,0.987709398590513,0.9458452052103575,0.9453104530796709,0.9628167596788604,0.9953400358136509,0.94449461559932,0.9298255633477027,0.9927561014104807,0.9921605467356795,0.8636483228348962,0.9635497799876093,0.9648923024696807,0.9570164143024206,0.9748093520927114,0.9634295872841944,0.9716969595326885,0.9937731887287344,0.9843045509011132,0.915411791859586,0.9971487975156049,0.9438813268241973,0.9667254982518441,0.9519188803481129,0.9935208134050513,0.9479781704486528,0.9418678975088026,0.9509765316708402,0.9896327899677262,0.977042320954104,0.9677809100287303,0.9838204377051151,0.9656506815710226,0.9744372902823039
HBAN,0.8953723684340638,0.9970680643800097,0.9811559816677932,0.900082075119638,0.9417680105200786,0.9973849111901696,0.9992824558705613,0.9957666826554267,0.9875230728091882,0.9955480851573646,0.9998818340684128,0.9992285173492768,0.9988596206475376,0.9974564746133592,0.9990068809634937,0.9975315624431171,0.9960487794198113,0.9975819041339944,0.9978657630239587,0.9991176230306981,0.9901031755271998,0.9986613492020198,0.9941146255662093,0.998621824123857,0.9988132616833942,0.9974820793764475,0.9981107399448743,0.9786886062324666,1.0000000000000002,0.999665422125778,0.9953819281950026,0.9887860885851071,0.9934505354400814,0.9978596053357234,0.9987167937333945,0.9956947967294283,0.9916857744921428,0.9940902260561152,0.9591508754416737,0.9848627049735653,0.9976218533051485,0.9549473394266247,0.9917687256493548,0.9838394034950282,0.9939678692388338,0.9963057244986624,0.878772041136493,0.9931062594651627,0.9980422389748764,0.9957877193606837,0.9995312572924178,0.997381976856234,0.9990349725698893,0.9510795703901342,0.9422247140284155,0.9623674561765541,0.9907813244299419,0.9839170203303558,0.9976967715514151,0.9935185135399808,0.9955608527478945,0.9906409943936113,0.9906294915967694,0.9936424065188741,0.9979779845751932,0.9964954685582116,0.9986677768800191,0.9964911377535902,0.9968714819160043,0.9997755364738368
HBHC,0.8990707692757519,0.9972742323980469,0.9811095316311487,0.8993538360102062,0.9389414879939547,0.9967572342051192,0.9988183135635413,0.9947291286999426,0.9872630702038345,0.9949212469936605,0.9995543394612234,0.9993393628289954,0.998315251772082,0.9979995507214204,0.9989650895235318,0.9968665425626505,0.9957000263963086,0.9973101382715063,0.9977203313556117,0.9982484731898814,0.9888776937042597,0.9983324909189804,0.9939633173814014,0.9984638659029418,0.9988715519411668,0.9980316506517865,0.9972572372825267,0.9771167291054421,0.999665422125778,0.9999999999999998,0.9958593069688848,0.9871626602935756,0.9914619826255625,0.9974185870909971,0.9987596201451048,0.9947788031435406,0.9906654014832985,0.994032760120798,0.9607211564223682,0.98620318393046,0.9973855778296493,0.9527735384270757,0.9920605607323302,0.984253141456288,0.9933033209980471,0.9952370857233522,0.8758828268738095,0.995267853269554,0.9982240654397516,0.9962582304330236,0.9994243435269631,0.9975189923279933,0.9989832990237371,0.9489046196170415,0.939608447540378,0.9647934298128006,0.9892912363047923,0.9827590399117058,0.9978269765199129,0.9946654847204007,0.9945743492536914,0.990791944431745,0.9911978508436529,0.9938825644566862,0.9972032800029049,0.9960136220275626,0.9982469730216853,0.996650643769911,0.9972927556837381,0.9995554018490631
