Ticker,ABCB,ABTX,AJX,ARI,AXP,BAC,BBT,BK,BOKF,C,CBKM,CFG,CFR,CIT,CMA,CNND,COF,DFS,EWBC,FCNCA,FFIN,FHB,FITB,FMAO,FMBH,FNB,GBCI,GS,HBAN,HBHC,HOMB,HTH,IBKR,IBOC,ISBC,JPM,JUVF,KEY,LARK,MBWM,MCBC,MS,MTB,NAVI,NKSH,NTRS,OPY,PACW,PBCT,PGC,PNC,PNFP,RF,SCHW,SF,SFBC,SIVB,SLFC,SRCE,STBA,STT,SYF,TFSL,TSC,UMBF,USB,WAL,WFC,WSBC,ZION
ABCB,1.0,0.8946380015598948,0.8714216897236755,0.8833608302666051,0.8794553522661029,0.9014225094713595,0.897011262071261,0.8980176831409861,0.9343503073643432,0.9040254469635665,0.8975161775442994,0.901015418582193,0.8968708598888457,0.897032543938779,0.8971068142582712,0.8904005873405199,0.9050119135853636,0.8934701989820707,0.8950968107746204,0.8881816735174699,0.8953431768520845,0.9043719437395774,0.9232433055831928,0.8968338130504402,0.9119592967908434,0.9203746040363209,0.8874022686161819,0.8968026007297984,0.8989997568928192,0.9020768499320564,0.9180225443430314,0.8634644380876941,0.8739901256149433,0.8953651279140145,0.8986735058818688,0.898906899521632,0.8965115108800082,0.9294576117484113,0.9854370955355937,0.9520702132387339,0.8927937899874289,0.8996583200979043,0.8962301209325123,0.8848050952739133,0.9052295557522292,0.8916906899032763,0.8062401289009906,0.9154041935095875,0.903429448568362,0.9094505699837855,0.8956470147326584,0.893735649746286,0.9087732341484236,0.8757738031866227,0.9042054624617347,0.9753937396226514,0.8698807996278531,0.878908983285027,0.9162378487977444,0.917010760190517,0.890958482899324,0.8857182427322831,0.8921771799526506,0.8909922523476881,0.8957599901515323,0.9234081956721706,0.8853122767865954,0.921773819316274,0.898066657233934,0.8961576081497935
ABTX,0.8946380015598948,1.0,0.9713374384510061,0.9644110754909808,0.958258989537447,0.9959414255617114,0.9956443155665471,0.9887846035574346,0.9890765040847688,0.9935562607758152,0.9987901382135519,0.9931775796780631,0.9950923618499043,0.9813146427629948,0.9957543678444984,0.9886871451340236,0.9913841341268859,0.9877317979158188,0.9989457473813596,0.9986857712288869,0.998440909806991,0.9971506469197118,0.9973599036965378,0.9983293837470559,0.9986030215405871,0.9921062628790608,0.9993838310718275,0.9904905254362742,0.9958409153357671,0.9961694729130924,0.991399332860427,0.9852673270642157,0.9795737586470427,0.9935914469543329,0.9725750115232622,0.9955650951413806,0.9989797655108337,0.9957922249947273,0.9562613591533566,0.9868666165146502,0.9934116236787767,0.9920839692683794,0.9996585481255941,0.9629060208746688,0.9977650070597708,0.9984887470758342,0.8652377380115797,0.9909961841416864,0.9910634279199033,0.9968829812919993,0.9973717678878896,0.9986614888159054,0.993775690518901,0.996036087568384,0.9815588866149348,0.9690472494212252,0.988435509829771,0.9750037141396813,0.994938629167902,0.986366545561873,0.9985987778989927,0.9657440904920046,0.97912815286417,0.9976402620763878,0.9990861710170527,0.9890688236126812,0.9974139880415905,0.9739144886675404,0.98658790390851,0.9991576067359418
AJX,0.8714216897236755,0.9713374384510061,0.9999999999999999,0.9956089996626549,0.9692047911774712,0.9752063596430256,0.9832685544473204,0.9818161291823123,0.9755543067479538,0.9752194251778818,0.9691255223277404,0.9825812200930316,0.9740487924248616,0.9790560338283899,0.974121210033726,0.9767070971141637,0.986174249361653,0.9752682661282238,0.9729192682522052,0.9592984909061198,0.9816688516988707,0.9798288115601455,0.9660414181160448,0.9794257035697927,0.9720578349042401,0.9823989364699259,0.9661509925451965,0.9765049471024952,0.9769519796544843,0.9764955925108038,0.9867505971609967,0.9805055659280468,0.9704027409367135,0.9868307348323874,0.9794123702003972,0.9728617301669199,0.9720904601508455,0.9652162982248635,0.9275566349380807,0.957631101397536,0.9708664114163744,0.9779791685714728,0.9709517342550327,0.9627084492227789,0.980815129737451,0.9613531676328071,0.8876403666333976,0.972269762389235,0.9834162649837197,0.970809437994067,0.9788819948429045,0.9762944975352741,0.9803967622462059,0.9503850089008588,0.9776621755414233,0.9369011398110204,0.9301551604459556,0.9800017109934315,0.9801130807963692,0.9830289838024452,0.9578590810067433,0.9776887535713707,0.9832298816487869,0.9540939964135934,0.9675386905063921,0.9724037238382925,0.9546846638851637,0.9734544916754765,0.9908758544760811,0.9694446607680446
ARI,0.8833608302666051,0.9644110754909808,0.9956089996626549,1.0000000000000004,0.9559666085937211,0.9649502041168593,0.9752757265055448,0.9718409382709964,0.9704909313823246,0.9647583194096185,0.9606014847267903,0.9731709671877875,0.962199275997987,0.969383475201632,0.9628296515057972,0.9657386822660166,0.9788470102351218,0.9648062153735874,0.964258619782355,0.950006351188148,0.9742087599499935,0.9724338721383345,0.9610567135067974,0.9706344412263177,0.9647893962733309,0.9766570106282931,0.958293760297338,0.9649631863559616,0.9669608626004134,0.9689753217862317,0.9813781154506407,0.9664261630756209,0.9564554065220336,0.9774442214166938,0.9704674968576312,0.9616714486383342,0.9636547431320456,0.960557322429737,0.932122153115878,0.9539361558575448,0.9573617702691468,0.9672713909219146,0.9627964356241246,0.9502302000922022,0.9746464453759756,0.9517932953105515,0.8753999071245401,0.9682605415117056,0.9745707693497963,0.9616393947788592,0.9705668750474233,0.9673968271154108,0.9713519843536751,0.9412671814055543,0.969668258003591,0.9374592208905282,0.9198950950475308,0.9705257175538652,0.973642743673576,0.9774197242604995,0.9494468950357153,0.9689866642511812,0.9738958827959981,0.9453297088609822,0.957803462082064,0.9645906538431873,0.9455224284225201,0.9656434601856325,0.9834343589737317,0.9610089346081809
AXP,0.8794553522661029,0.958258989537447,0.9692047911774712,0.9559666085937211,1.0000000000000002,0.9711981967496682,0.9769106857974382,0.9831004738841088,0.9752607746529499,0.9741782559695702,0.9649034850573093,0.9776948605462896,0.9677706159224667,0.9837450349511149,0.9694797942208021,0.9829091226765317,0.9831102065564712,0.9852736911159539,0.9650121124650716,0.9525940044056238,0.9680931651422254,0.9716599113228969,0.9593037796926234,0.9693627461618134,0.9629182204369852,0.9760253429298898,0.9527432111241804,0.9793136803402861,0.9740702748853682,0.972245808249705,0.9774378568386897,0.987780624944238,0.9764214530826819,0.9744618575383028,0.9835534102531339,0.9716891755986945,0.9658068550312844,0.9613308398596327,0.9329136302398988,0.9556015584744129,0.965022141003766,0.9808781415961704,0.9630041242183389,0.9772661163833534,0.9701032421991536,0.9579751699566031,0.9426591628838268,0.958312300086135,0.9789737320838113,0.9663168572209859,0.9719759108505802,0.9615621325319234,0.9762231052774754,0.9350359941930745,0.9920095563353302,0.9383561106278887,0.9170661838245778,0.9935119407163155,0.9759170124287007,0.9801661663746811,0.95067812079413,0.9931776847690215,0.9816518159394363,0.9459749662289523,0.9614243795576718,0.974460676592119,0.9424947439800488,0.9818228897023574,0.9813176087966933,0.9631093847029776
BAC,0.9014225094713595,0.9959414255617114,0.9752063596430256,0.9649502041168593,0.9711981967496682,1.0000000000000002,0.9981121556275733,0.9965781940039885,0.995072833896241,0.9996519982903682,0.9979212365604941,0.9989657417058707,0.9990060348313399,0.9930332704612408,0.9997099079570155,0.9959230068850705,0.9966706757768103,0.9953683195057803,0.9985372217008793,0.9940383023701609,0.9967553831542799,0.9991124073754705,0.9954983589334835,0.9987491663389906,0.9975462020390213,0.9972216113674076,0.9931234712798098,0.9982808068889987,0.9997800875552662,0.9990217192162499,0.9959620350058034,0.9884880037432725,0.991063334783931,0.9974171726719321,0.9868798823571985,0.9998751950362689,0.9983877449923185,0.9952774422094834,0.9594068931984682,0.9892725195501519,0.9977602278934985,0.9984517675320241,0.9973184082185617,0.9811840607331397,0.998050150032275,0.9960701844131784,0.8673512936811519,0.995064558323042,0.998058685652907,0.9994507282339646,0.9987654326304829,0.9973718055766205,0.9990964303065015,0.9876203669332466,0.9850611884872891,0.9721192292824984,0.9770557794567265,0.9808157253562143,0.9981319248559041,0.994567268387367,0.9931882219957071,0.9789295644424968,0.9910947080089163,0.9930207702011408,0.9977993505061958,0.9962049418601672,0.990563852626163,0.9883557640155538,0.9940886541759771,0.9979103824265578
BBT,0.897011262071261,0.9956443155665471,0.9832685544473204,0.9752757265055448,0.9769106857974382,0.9981121556275733,1.0,0.9980490480749312,0.9949475847992791,0.9977556722393849,0.9971475280097852,0.998901008147737,0.9956605740783405,0.9939784249434219,0.9969933990227677,0.997464363333391,0.998660927920208,0.9966056258672229,0.9979362559782085,0.9921208585023551,0.9980435193485692,0.9994281569937801,0.9939548128000456,0.998481850908073,0.9958396206626082,0.9978380561057004,0.9925401710193946,0.9976353616584026,0.9989937123202143,0.9989085328469152,0.9976376915423703,0.9926089297814721,0.9913997706526544,0.9976493020023767,0.9892950933679179,0.9977464604656298,0.9978911660327652,0.993666455310588,0.956693134046351,0.9852479157769348,0.9933341765500552,0.9986501993543586,0.9968557009162631,0.9813442698937144,0.999244602664744,0.9941778602675765,0.8813018607123309,0.9923361872006238,0.9984499186961515,0.9966289104550143,0.9994097962145225,0.9959468867585716,0.9981970452916192,0.9843481664565356,0.9904612596446135,0.9670293880035837,0.9712985735640092,0.9879391645361811,0.9988983609778996,0.996085394418725,0.9912119821529077,0.9848306645188769,0.9931341147741114,0.9898771747952648,0.9956173051176901,0.994584376345828,0.987465212949935,0.9884073459307264,0.9966637865672102,0.9970137824913707
BK,0.8980176831409861,0.9887846035574346,0.9818161291823123,0.9718409382709964,0.9831004738841088,0.9965781940039885,0.9980490480749312,0.9999999999999998,0.9954387891890066,0.9977501448085689,0.9928570261770369,0.9987442967369444,0.9933324122508985,0.998400670911842,0.9950438440310405,0.99930491525152,0.9983675869801318,0.9984863868807421,0.9937440128934821,0.9849914425086899,0.9927959865294135,0.9968942674395296,0.98872273705866,0.9944379086898566,0.9906691210506823,0.9974926985964663,0.9841196146862677,0.9992626743055928,0.997646538201959,0.9970667672042158,0.9967908288902514,0.9913944802740136,0.995677480484657,0.9955755532637,0.9959906850647307,0.9964935115529,0.9936838817794027,0.9894538986147475,0.9554553741570675,0.9824331832675057,0.9910216620332056,0.9994218046349806,0.9913417690235717,0.9910194148555264,0.9956941548626174,0.9887031531215752,0.8813124344485297,0.9901322752517375,0.9992251777030922,0.9939628522278013,0.9966954413799628,0.9902696953900341,0.9973599163483445,0.9739874428685579,0.9899549171587539,0.9648518990404837,0.9585289983917245,0.9892022574877075,0.997334842977509,0.99812872486989,0.9835413633494791,0.9913498351930501,0.9978969569091383,0.9826296768202615,0.9904408316818278,0.9950549570308503,0.9782620785846659,0.9947311236128682,0.9978336009199797,0.9923126581798389
BOKF,0.9343503073643432,0.9890765040847688,0.9755543067479538,0.9704909313823246,0.9752607746529499,0.995072833896241,0.9949475847992791,0.9954387891890066,1.0,0.9960936205000519,0.9921429716648159,0.9960798063202203,0.9919179637151571,0.9932369278366752,0.9931760576234357,0.9931906560332845,0.9962151191885008,0.9933084055582696,0.9922347315211139,0.9849231394459819,0.9915055922309826,0.9960383728686582,0.994487761464472,0.9929786129030838,0.993615047183937,0.9990048550410969,0.984299260041464,0.9950830662017702,0.9952267233292401,0.9956903734556226,0.9978533117823298,0.981658451819858,0.9858586113389178,0.9927676622807602,0.9905451088683309,0.9944274828778493,0.9925147927130549,0.9959478473975614,0.9787638047288767,0.994631187865114,0.9892458964435734,0.995856389985018,0.9909881590528554,0.9829903918995828,0.9954455285704367,0.9880516126128682,0.8775850445600705,0.9933325023726995,0.996453412890244,0.9951536839273921,0.9942427128528059,0.9897557509928032,0.9966071733219916,0.9747684705991121,0.9882242102502011,0.9851086186187987,0.9621006516885091,0.9816710079863701,0.9982595111390856,0.9979718794021107,0.9845123632847512,0.9836608231726013,0.9915500431752359,0.9838978811329632,0.9902250450918526,0.9969346432368258,0.979697244301397,0.9946566293281865,0.9939081787851884,0.9915708357589564
C,0.9040254469635665,0.9935562607758152,0.9752194251778818,0.9647583194096185,0.9741782559695702,0.9996519982903682,0.9977556722393849,0.9977501448085689,0.9960936205000519,0.9999999999999998,0.9965658459733094,0.9993144900907572,0.9981631101720937,0.9953547999770903,0.9990816542127173,0.9969122287229653,0.9971343930334928,0.9966541198384556,0.9971282317171479,0.9913770309171965,0.994937739015985,0.9985464847499856,0.9940710726686306,0.997380028642649,0.9958566984495926,0.9977499771299795,0.989971415796154,0.9992431861365269,0.9995709831562787,0.998866381903044,0.9962503251308857,0.9879792269235714,0.9927273262799315,0.9967810824466242,0.9901088683564843,0.9996083898922764,0.9970332132618333,0.9943085423024669,0.9605050332034442,0.9889674170357685,0.9967343854074995,0.9990813515116576,0.9954594395428356,0.9854351939477218,0.9971132612648514,0.9940813247283867,0.86794049875971,0.9949168593849466,0.9987509489359713,0.9987212303855693,0.9981261121799182,0.9953069206245547,0.9990762658136547,0.98352216845041,0.9854031151171698,0.972506478858788,0.9718471526104625,0.9818628195246172,0.9980532712450051,0.996199720873148,0.990352692433587,0.982433165480994,0.9934325541215779,0.9903760460100062,0.9959282349635795,0.9966643114094558,0.986955720239438,0.9916155923500571,0.9950994551711471,0.9963714381082429
CBKM,0.8975161775442994,0.9987901382135519,0.9691255223277404,0.9606014847267903,0.9649034850573093,0.9979212365604941,0.9971475280097852,0.9928570261770369,0.9921429716648159,0.9965658459733094,1.0,0.9954635364264228,0.9959587576962305,0.9868659897539166,0.9972448855810911,0.9934271691566954,0.9933125758268997,0.9925912848509246,0.9996383274962851,0.9983438252884076,0.997331874830441,0.9983129853306141,0.9975384700787582,0.9982156104842536,0.9980875117644794,0.9941653790855252,0.997324246259805,0.9947215952006404,0.9980810869709219,0.998306030061191,0.9925265492331196,0.9870673604275146,0.9859459645080836,0.993592250324771,0.9791223398464366,0.9980204618809883,0.9998597599526128,0.996746621326555,0.9587837494727752,0.9879638459104306,0.9941515058712759,0.9957835423679643,0.99963370483945,0.9726219135597707,0.9982006266632494,0.9993068584471706,0.8670532261590128,0.991949821064983,0.9938313719975881,0.9983001185004425,0.9987287010710475,0.9972634332867072,0.9955509716901042,0.9933379929593987,0.9841789894762274,0.9706614549387707,0.9845991340926883,0.9783064569763846,0.9967050389389104,0.9899708568737433,0.9979458017403131,0.9725646347026251,0.984276115320704,0.9974803677834563,0.9992614865723384,0.9921856150390058,0.9952799656158351,0.9804906525321735,0.9887235320668897,0.9999074526299638
CFG,0.901015418582193,0.9931775796780631,0.9825812200930316,0.9731709671877875,0.9776948605462896,0.9989657417058707,0.998901008147737,0.9987442967369444,0.9960798063202203,0.9993144900907572,0.9954635364264228,1.0,0.9973880521369974,0.9964019617296016,0.9982629634697299,0.9973415678852113,0.9989477518076296,0.9970249034712764,0.9965061908639202,0.9893832302195196,0.9960688182398466,0.9988591746883465,0.9926640996979654,0.9977438422974007,0.9951216251005173,0.9985942574116194,0.9892760582550811,0.9990425797042084,0.9992899114958232,0.9987089680026194,0.998047109389243,0.9906487211852548,0.9927091808386277,0.9984254519238738,0.9920419579467081,0.998587217242335,0.9963307914222812,0.9927535375536046,0.9579427342790664,0.9867712083135255,0.9955828380972853,0.9991817763258819,0.9947795612855369,0.9854797391157606,0.9978069971816158,0.992062311018088,0.8758190528562916,0.9943853220753217,0.9996837812252138,0.9973739120282148,0.9984361413672568,0.9953363270341521,0.9993617524985641,0.9811052194211659,0.9880932496855387,0.9694065036250263,0.9678349491047764,0.9857673411014378,0.9985276406644306,0.997573663712279,0.988276260117567,0.9858740891658375,0.9953746124323556,0.987588999483434,0.9945391244556447,0.9960266523608495,0.9847242513767527,0.9921982342041471,0.9978942635000481,0.9953192713914714
CFR,0.8968708598888457,0.9950923618499043,0.9740487924248616,0.962199275997987,0.9677706159224667,0.9990060348313399,0.9956605740783405,0.9933324122508985,0.9919179637151571,0.9981631101720937,0.9959587576962305,0.9973880521369974,0.9999999999999997,0.9893546394798758,0.999743403380488,0.992172469942648,0.9946099562660398,0.9919578560902554,0.9970109567478453,0.9931686689689123,0.9960931597433845,0.9971488600912067,0.9937565210495269,0.9983230234498255,0.9973068508313125,0.994714148993178,0.992969458618217,0.9958297043743504,0.9981454919914083,0.996532553279314,0.9939515723149341,0.9875264351940316,0.987204758732868,0.9976678627476632,0.9820801907302914,0.9987740856695695,0.9966035819851488,0.9930569104937916,0.9551280544680456,0.9882201273277315,0.9996718017866253,0.9958662472786616,0.9960250996723244,0.9754800532002998,0.9958960529276886,0.9946047057753713,0.8665363644446386,0.9938053523372237,0.9959707982306174,0.998770695157239,0.9966237330187936,0.998148180827399,0.9982093364704939,0.988495921705279,0.9819442172383868,0.9702104456100462,0.9795978588465891,0.9773945235737249,0.9956710450104914,0.9909664081916375,0.9923373842657643,0.9734573927346768,0.9872429423093387,0.9920478774053093,0.9974542001119031,0.9943910443086101,0.9913346790514302,0.9841838482116553,0.9919217068484429,0.9962180819361554
CIT,0.897032543938779,0.9813146427629948,0.9790560338283899,0.969383475201632,0.9837450349511149,0.9930332704612408,0.9939784249434219,0.998400670911842,0.9932369278366752,0.9953547999770903,0.9868659897539166,0.9964019617296016,0.9893546394798758,0.9999999999999997,0.9913011031625055,0.9972746191098371,0.9960733444863887,0.9971639451489673,0.9878458942184771,0.9766699686856708,0.9860129746660999,0.9925546692997149,0.9823959129478863,0.988936143681076,0.9843548996198056,0.9950272463558365,0.97496139402627,0.9975722710307339,0.9941441443825813,0.9938865063525172,0.9938041972315536,0.9862648346891888,0.9958109448372979,0.9917820364400141,0.9982910676498298,0.9928776445018764,0.9879164327819574,0.9838269746949782,0.9519112574361358,0.9779635721645314,0.9867531804521917,0.9969101415820939,0.9844948907244282,0.9953028395621537,0.9905024123388392,0.9816484027996281,0.8748385089159396,0.9893688205071152,0.9975495041844834,0.989650849582273,0.9920928144667508,0.9839044660529852,0.9945210583701368,0.9638202786375991,0.985820737887442,0.9610558326552452,0.9461533115756913,0.985943130367653,0.9935080911444799,0.9978167131081864,0.9750076163090045,0.9933533073965553,0.999105744377227,0.9746394904180368,0.9839100518103527,0.9929878661132312,0.9685046658797801,0.9973248907415052,0.9968433701074744,0.9861911082106957
CMA,0.8971068142582712,0.9957543678444984,0.974121210033726,0.9628296515057972,0.9694797942208021,0.9997099079570155,0.9969933990227677,0.9950438440310405,0.9931760576234357,0.9990816542127173,0.9972448855810911,0.9982629634697299,0.999743403380488,0.9913011031625055,0.9999999999999994,0.9943266118807192,0.9956146040099274,0.9939439030500085,0.9980572106147217,0.9940397185604967,0.9965125285956703,0.9982190867550697,0.9945669708850087,0.998703493497437,0.9974717309586602,0.9957767455949621,0.9933589576348476,0.9972743964642303,0.9991743431789047,0.9979772577233366,0.9946918341730542,0.9883710241134777,0.9895307719799303,0.9975801159513387,0.984382429798889,0.9995954541534514,0.9977781893722749,0.994045802821522,0.9560790488120849,0.9882833215967396,0.9990078370073541,0.9973302204184326,0.9969288618983754,0.9785311655345038,0.9970027567960923,0.9957761935118408,0.8664498577254985,0.9944539028240591,0.9970519037898692,0.9992687245569863,0.9978949799759369,0.9979493888776372,0.9986844256942342,0.9885814418735669,0.9833546823790225,0.9702691181984999,0.9789342172282812,0.979157550362272,0.9968204977885415,0.9925743087062028,0.9931763638860759,0.9761611482172656,0.9891910712405376,0.9929721597232015,0.997956670845929,0.9952235746183643,0.9913780849962294,0.986009878390238,0.9928936821705976,0.9973716205472395
CNND,0.8904005873405199,0.9886871451340236,0.9767070971141637,0.9657386822660166,0.9829091226765317,0.9959230068850705,0.997464363333391,0.99930491525152,0.9931906560332845,0.9969122287229653,0.9934271691566954,0.9973415678852113,0.992172469942648,0.9972746191098371,0.9943266118807192,1.0000000000000002,0.9968008776408407,0.9989551605131549,0.9939742578993355,0.9863042282541712,0.9919097089506578,0.9960178142831471,0.9878314939216094,0.9936320292010737,0.9896250925659748,0.9952874128453069,0.984553396984782,0.9988785674637852,0.9972471629000084,0.9965822699350291,0.9941843437043653,0.9922125415681935,0.9968914426898834,0.993510271440237,0.9942591930171727,0.9962606780838263,0.9939840775990245,0.9885075907413433,0.9511928124087679,0.9796556534125969,0.9899369891067588,0.9991822158343865,0.9915824503028674,0.9908016261668818,0.9947591929174262,0.9900793246993481,0.8813373942510506,0.9876569603824652,0.9977775223017163,0.9931731149388727,0.9962869463225833,0.989134583111401,0.9959654217100045,0.9752103255677117,0.9897611361604386,0.960706106068884,0.9602871841151235,0.9895289490734293,0.9961424721770566,0.9958175387996225,0.9847921937508137,0.9905117862006503,0.9962875800183453,0.9838565566142372,0.990714817482367,0.9941647293214348,0.9791802884412604,0.9924008768334902,0.9952198403741669,0.9927853662586629
COF,0.9050119135853636,0.9913841341268859,0.986174249361653,0.9788470102351218,0.9831102065564712,0.9966706757768103,0.998660927920208,0.9983675869801318,0.9962151191885008,0.9971343930334928,0.9933125758268997,0.9989477518076296,0.9946099562660398,0.9960733444863887,0.9956146040099274,0.9968008776408407,1.0,0.9972013817050502,0.9944146428468701,0.9862925083421958,0.9956585540023213,0.9977894476354127,0.9912170980471983,0.9964727863998654,0.9935679806377821,0.9985403115825849,0.9872305554471865,0.9972830379451817,0.9975510536018263,0.9973218048452926,0.9989146145455815,0.9925607332255756,0.9906557308901962,0.9978638451322629,0.9925521956909601,0.9960776278193811,0.9943349496876979,0.9915566330197477,0.9597667836991604,0.9857280013458737,0.9922208344271787,0.9981609092081565,0.9929492360580197,0.9839466559341297,0.9972241167079628,0.9890706011582148,0.8911856746018034,0.9920376747519754,0.9989890638089239,0.9948469364695438,0.9971469439609848,0.9933077532533705,0.9985096702858173,0.9768801486449367,0.9926543835771549,0.9691491499588593,0.9626384557324206,0.9910102154738967,0.9984897917827964,0.9980753217281167,0.9853154835384067,0.9897611984985503,0.9951519864602468,0.9835420983546443,0.9918912350614187,0.995570897126527,0.9811707283651191,0.9925096687936085,0.9985694931522733,0.9930463440270529
DFS,0.8934701989820707,0.9877317979158188,0.9752682661282238,0.9648062153735874,0.9852736911159539,0.9953683195057803,0.9966056258672229,0.9984863868807421,0.9933084055582696,0.9966541198384556,0.9925912848509246,0.9970249034712764,0.9919578560902554,0.9971639451489673,0.9939439030500085,0.9989551605131549,0.9972013817050502,1.0000000000000002,0.9928824368046757,0.9852728964691699,0.9908994379793534,0.99522597618538,0.987638744084308,0.9928894572006132,0.9892444512573174,0.9948854660078998,0.9835092392329715,0.9983298309401745,0.9967904053441992,0.996406700429313,0.9938473739207542,0.992201360208401,0.9950813718127098,0.9928527812193191,0.9934323505272302,0.9958456310279007,0.9929555641746662,0.9884307599416708,0.9527475677456578,0.9803564570379608,0.9895983375837131,0.998549587475441,0.9908315247256646,0.9898147069693772,0.9937028608757318,0.9890189558613187,0.8867778080816339,0.9873294347997409,0.9970299817542844,0.9928528568827834,0.9956060931753351,0.9885117575066521,0.9957193081550805,0.9739107352388788,0.9904767603277194,0.9621873049073677,0.9594957780817635,0.9914995221950668,0.9956602945985418,0.9958378168614799,0.9837809769973672,0.9925231421969151,0.9951113675639107,0.9827859703263944,0.9900745697204798,0.9936752183579102,0.97822018251951,0.9925938366316651,0.9947005334574429,0.9919117877894189
EWBC,0.8950968107746204,0.9989457473813596,0.9729192682522052,0.964258619782355,0.9650121124650716,0.9985372217008793,0.9979362559782085,0.9937440128934821,0.9922347315211139,0.9971282317171479,0.9996383274962851,0.9965061908639202,0.9970109567478453,0.9878458942184771,0.9980572106147217,0.9939742578993355,0.9944146428468701,0.9928824368046757,0.9999999999999997,0.9978077248316181,0.9983815701675668,0.9989758360025325,0.9969441206945721,0.9991153844325213,0.9983547042160907,0.9949156233957087,0.997385373715883,0.9953160074114761,0.9986283965567027,0.9984791932548525,0.9938193840027045,0.9879933732064423,0.9873359688804991,0.9955141710673696,0.9806641251205145,0.9984579598379804,0.9998825038319247,0.996036511552277,0.9567445942188043,0.9873562817348903,0.9954262368824445,0.9962629335857722,0.9996155154967984,0.97357778574394,0.998835050655046,0.9987891716935938,0.8647929419434363,0.9925289481630768,0.9950928529245916,0.9985408705590351,0.9991392145683947,0.9982684872877476,0.9966424946174781,0.9930166844476962,0.9838381387199244,0.9691289548429373,0.9836881015330073,0.97936630011521,0.997196376608237,0.9908192059701262,0.9972449499264242,0.9735354682455625,0.9860236607950464,0.9967277573277546,0.9992910108608576,0.9930405919434909,0.9950675002642442,0.9812587888601861,0.9905297617606406,0.9997894823618487
FCNCA,0.8881816735174699,0.9986857712288869,0.9592984909061198,0.950006351188148,0.9525940044056238,0.9940383023701609,0.9921208585023551,0.9849914425086899,0.9849231394459819,0.9913770309171965,0.9983438252884076,0.9893832302195196,0.9931686689689123,0.9766699686856708,0.9940397185604967,0.9863042282541712,0.9862925083421958,0.9852728964691699,0.9978077248316181,1.0000000000000002,0.9951453638678804,0.9941464646642426,0.9960857745832354,0.9956422424719319,0.9967558152895073,0.9873268075904547,0.999053980191365,0.9881216756074893,0.9937487372476256,0.9937261822354486,0.9855686014537931,0.9819847580233636,0.9776764324460443,0.9887079235724169,0.9664473347129146,0.9943209291949394,0.9979605787076138,0.9944101689334396,0.952512292978146,0.9845599819611638,0.9919962711165593,0.9895821428695728,0.9988053456893682,0.9592690138789094,0.9944335891218943,0.999593843307416,0.8576739213161884,0.9868949496877278,0.9867372867105394,0.995520045836092,0.9948846995914034,0.9962988888082658,0.990244502366796,0.9980388372189481,0.9768997515176421,0.9662674177759011,0.9926841812025377,0.9695968003740844,0.9913665790661677,0.9807113729907764,0.9998979233387675,0.9591474395757019,0.9733263575654375,0.9995281651131527,0.9988958039133176,0.9861112843031401,0.9989153174415158,0.9684839767507809,0.9797795098017614,0.9986395812966549
FFIN,0.8953431768520845,0.998440909806991,0.9816688516988707,0.9742087599499935,0.9680931651422254,0.9967553831542799,0.9980435193485692,0.9927959865294135,0.9915055922309826,0.994937739015985,0.997331874830441,0.9960688182398466,0.9960931597433845,0.9860129746660999,0.9965125285956703,0.9919097089506578,0.9956585540023213,0.9908994379793534,0.9983815701675668,0.9951453638678804,1.0000000000000002,0.9983954301419906,0.9954672844037616,0.9994481470768019,0.9980899720131778,0.9950656766894554,0.9970806484421862,0.9929825186264173,0.9970182407081433,0.9965867286672595,0.9956646919517554,0.99086146725902,0.9834958586089505,0.9975448854145448,0.9796097321884049,0.9961172088032227,0.9980820605414689,0.9942286923135892,0.9556463187324362,0.9861132579904021,0.9944384846463913,0.9946645701038562,0.9983992670067605,0.9686203729233555,0.998970744953499,0.9955666449865356,0.8795198586508971,0.9905391083314949,0.9947237261115905,0.9965043794365449,0.9982044857366138,0.9987978424319912,0.9964980362843253,0.9907137614251321,0.9873171866846642,0.9675926977372525,0.9807928521209763,0.9831979608433853,0.997087263296375,0.9905790854252617,0.9946711703920996,0.9744340448077609,0.9852279500767375,0.9928548142897629,0.9974757070169418,0.9917467230475213,0.993219659226834,0.9794840995348176,0.9924427601719633,0.997620712774578
FHB,0.9043719437395774,0.9971506469197118,0.9798288115601455,0.9724338721383345,0.9716599113228969,0.9991124073754705,0.9994281569937801,0.9968942674395296,0.9960383728686582,0.9985464847499856,0.9983129853306141,0.9988591746883465,0.9971488600912067,0.9925546692997149,0.9982190867550697,0.9960178142831471,0.9977894476354127,0.99522597618538,0.9989758360025325,0.9941464646642426,0.9983954301419906,0.9999999999999998,0.996518443828878,0.9991781808162973,0.9978887956255469,0.9983420912722746,0.994262337003476,0.9973525705234175,0.9994026035970197,0.9994474712035953,0.9976717742093162,0.9892202325916527,0.9895198053806801,0.9976190362467908,0.9872080029227579,0.9986833993504729,0.9988886609223003,0.9962195801957497,0.9618203615638664,0.9892654162878004,0.9950991243862694,0.9981734704501752,0.9980763840012777,0.9793893964590806,0.9997444306922904,0.9959051893153259,0.8719603854381562,0.9946961735042861,0.9981502310026069,0.9985607738070665,0.9996274653609626,0.997435301239887,0.9987043241085737,0.9874633201684241,0.9875237751446679,0.9726143414870612,0.9759000065406385,0.9835204610773696,0.9993083436482972,0.9957191854061924,0.993487380500148,0.9805781647938272,0.9913435822402176,0.9927160327463,0.9973716042443422,0.9955540281551316,0.9904192890185175,0.9878470949350947,0.9953130150861195,0.998300986898143
FITB,0.9232433055831928,0.9973599036965378,0.9660414181160448,0.9610567135067974,0.9593037796926234,0.9954983589334835,0.9939548128000456,0.98872273705866,0.994487761464472,0.9940710726686306,0.9975384700787582,0.9926640996979654,0.9937565210495269,0.9823959129478863,0.9945669708850087,0.9878314939216094,0.9912170980471983,0.987638744084308,0.9969441206945721,0.9960857745832354,0.9954672844037616,0.996518443828878,1.0,0.9960523422652418,0.9988451329940982,0.9944688654858553,0.9956877750907869,0.9904859683956173,0.9950442245723911,0.9958211992895171,0.9929026208025915,0.9794999414333769,0.977887212707863,0.9911462795297522,0.9748608455506821,0.9950601174126651,0.9973127856289835,0.9997491072022764,0.9744046088364018,0.9954248399877871,0.9917025548619353,0.992061614838584,0.9976960480355159,0.9658009509935795,0.9968986522124976,0.9966488269207109,0.8656994333066506,0.9929499458556893,0.9911005422090461,0.99760946513844,0.9955857985087708,0.9957206012657681,0.9941865043084779,0.9915526860222027,0.9825295902778979,0.9839153206672004,0.9843956430822691,0.9728550262576611,0.9963886073939467,0.9892048975016337,0.9963671908217676,0.9668670386080663,0.9792650376265171,0.9959432321905772,0.9973157758096278,0.9926514525928413,0.9941427213671811,0.9799128241946322,0.9856723513172504,0.9975398732694329
FMAO,0.8968338130504402,0.9983293837470559,0.9794257035697927,0.9706344412263177,0.9693627461618134,0.9987491663389906,0.998481850908073,0.9944379086898566,0.9929786129030838,0.997380028642649,0.9982156104842536,0.9977438422974007,0.9983230234498255,0.988936143681076,0.998703493497437,0.9936320292010737,0.9964727863998654,0.9928894572006132,0.9991153844325213,0.9956422424719319,0.9994481470768019,0.9991781808162973,0.9960523422652418,0.9999999999999999,0.9987232485432163,0.9961779714256603,0.9965298443576659,0.9954424885014806,0.9987044707485311,0.998073022798342,0.9960637883702558,0.9906087410961145,0.9865779176147333,0.9983216037839746,0.9821666089818799,0.9982970170805181,0.9988769804187676,0.9950841240690729,0.9566746279799415,0.9878144829774215,0.9969711326193569,0.9965029692202473,0.9987278740711998,0.9731747958676729,0.9990650678875588,0.9965737937795158,0.8751660129457707,0.9932268827211188,0.9964355915545345,0.9984497960656146,0.9989519984441689,0.9993271271397549,0.9981636599445571,0.9908545306790406,0.9866338781148404,0.9695148783750919,0.9810212777192147,0.9822395793446593,0.9978161219859704,0.9922001906910564,0.9950523244757519,0.9758008441388321,0.9875155108222198,0.9938697165440906,0.9985541484997418,0.9938992188480401,0.9933995464721689,0.9828097843319045,0.9934129429246916,0.9984413471119518
FMBH,0.9119592967908434,0.9986030215405871,0.9720578349042401,0.9647893962733309,0.9629182204369852,0.9975462020390213,0.9958396206626082,0.9906691210506823,0.993615047183937,0.9958566984495926,0.9980875117644794,0.9951216251005173,0.9973068508313125,0.9843548996198056,0.9974717309586602,0.9896250925659748,0.9935679806377821,0.9892444512573174,0.9983547042160907,0.9967558152895073,0.9980899720131778,0.9978887956255469,0.9988451329940982,0.9987232485432163,1.0000000000000002,0.9951919535005023,0.9972606716130399,0.9924572974534948,0.9969300401616328,0.9966539989311816,0.9945098719685894,0.9848179694655043,0.9808068510418737,0.9954521722448503,0.9766685754854093,0.9970361077899483,0.9983247193837331,0.9980956451152633,0.9666600632938077,0.9932155043828439,0.9960206162588684,0.993826669138865,0.9987383427644054,0.9671095779980622,0.9980156561028675,0.9971828604586572,0.8705493880580457,0.993563436200365,0.9934854013653053,0.998856235829081,0.9970722406416527,0.998807068395466,0.9966648752942264,0.9929672398717531,0.9840920840710498,0.9785739804576402,0.9855828788570496,0.9763147878478061,0.9970871053865713,0.9898291724242358,0.9967100435619451,0.9688883671610066,0.9818965429631261,0.9958605378775799,0.998912234613169,0.9937838061049368,0.9955370254302044,0.9802553724838429,0.9889124844350214,0.9983177841498347
FNB,0.9203746040363209,0.9921062628790608,0.9823989364699259,0.9766570106282931,0.9760253429298898,0.9972216113674076,0.9978380561057004,0.9974926985964663,0.9990048550410969,0.9977499771299795,0.9941653790855252,0.9985942574116194,0.994714148993178,0.9950272463558365,0.9957767455949621,0.9952874128453069,0.9985403115825849,0.9948854660078998,0.9949156233957087,0.9873268075904547,0.9950656766894554,0.9983420912722746,0.9944688654858553,0.9961779714256603,0.9951919535005023,1.0,0.987626341248128,0.9969452142364725,0.9975009763362093,0.9977412273795302,0.9994891109406198,0.986209014344232,0.988801895486095,0.9966650773467114,0.9918826998362221,0.99641529513416,0.9949387694799979,0.995191182366955,0.9701497084543178,0.991596711428184,0.9922195576405836,0.9976223217362489,0.9934789247057708,0.9836130044387131,0.9978717667737071,0.99009275035966,0.8768663126843417,0.9951063150499441,0.9987898751024158,0.9965180937706528,0.9970142441619704,0.9934040804384684,0.9985815770800687,0.9783079641147485,0.988953783269596,0.9784987467067191,0.9648490452876853,0.98419429182615,0.9993855800537791,0.9988711597377578,0.986701185998871,0.9850305388702955,0.9941660694360576,0.9858431346616213,0.9926036588702641,0.9970103927047342,0.9825487535716814,0.9938140995093494,0.997272473792314,0.9938678721507402
GBCI,0.8874022686161819,0.9993838310718275,0.9661509925451965,0.958293760297338,0.9527432111241804,0.9931234712798098,0.9925401710193946,0.9841196146862677,0.984299260041464,0.989971415796154,0.997324246259805,0.9892760582550811,0.992969458618217,0.97496139402627,0.9933589576348476,0.984553396984782,0.9872305554471865,0.9835092392329715,0.997385373715883,0.999053980191365,0.9970806484421862,0.994262337003476,0.9956877750907869,0.9965298443576659,0.9972606716130399,0.987626341248128,1.0000000000000002,0.9863420444227615,0.9928880979076976,0.9928424160190603,0.9871132357706117,0.9835687871273148,0.9745350635146992,0.990629060900476,0.9650578097834968,0.9929174447490323,0.9973420177869,0.9935903649390223,0.9513122267624661,0.9838448600271669,0.9917223756742003,0.9883068886907322,0.998717070975333,0.954763437530752,0.995170620143487,0.9980379606303745,0.8644375787554576,0.9863537976609454,0.9865740724401983,0.994542399072601,0.9947645544338471,0.9976295808565909,0.9903112219266307,0.9979278534448909,0.9783802734359248,0.9650718025368897,0.9922675518369646,0.971453125409787,0.9914919286446614,0.9804853986955943,0.999071128452325,0.9586834135687216,0.9725075266277438,0.9978675127971512,0.9983298013922233,0.985027023251241,0.9988822645204958,0.9664164626125139,0.9812778875231944,0.9978277959404477
GS,0.8968026007297984,0.9904905254362742,0.9765049471024952,0.9649631863559616,0.9793136803402861,0.9982808068889987,0.9976353616584026,0.9992626743055928,0.9950830662017702,0.9992431861365269,0.9947215952006404,0.9990425797042084,0.9958297043743504,0.9975722710307339,0.9972743964642303,0.9988785674637852,0.9972830379451817,0.9983298309401745,0.9953160074114761,0.9881216756074893,0.9929825186264173,0.9973525705234175,0.9904859683956173,0.9954424885014806,0.9924572974534948,0.9969452142364725,0.9863420444227615,1.0000000000000004,0.9988078603880369,0.9979820888731676,0.9954817032205571,0.990037983048559,0.9956767674717392,0.9955845858197523,0.9936243164205373,0.9984693965372033,0.9952662884221233,0.9910006945144567,0.9553356150139547,0.9843218165362035,0.9941050977883389,0.9997120205840093,0.993072641430108,0.990136100911742,0.9957092694257623,0.9915661527327114,0.873141428647038,0.9918263693787488,0.9989463841088847,0.9962557677841474,0.9973384280009254,0.9921415940678365,0.997926120512191,0.9783496784095639,0.986977479511345,0.9665716670950082,0.9647341108272764,0.9853550295667136,0.9970953779738513,0.9968050236435404,0.9867116807040255,0.9874656905489002,0.9961624357413668,0.986504151674635,0.9930911991417736,0.9954605170048527,0.9821539430338786,0.993442952269067,0.9960186430882456,0.9942686263602775
HBAN,0.8989997568928192,0.9958409153357671,0.9769519796544843,0.9669608626004134,0.9740702748853682,0.9997800875552662,0.9989937123202143,0.997646538201959,0.9952267233292401,0.9995709831562787,0.9980810869709219,0.9992899114958232,0.9981454919914083,0.9941441443825813,0.9991743431789047,0.9972471629000084,0.9975510536018263,0.9967904053441992,0.9986283965567027,0.9937487372476256,0.9970182407081433,0.9994026035970197,0.9950442245723911,0.9987044707485311,0.9969300401616328,0.9975009763362093,0.9928880979076976,0.9988078603880369,0.9999999999999999,0.9994506119799986,0.9963830682891696,0.9903381080799581,0.9923277407254507,0.9973733963546643,0.9883837608326556,0.9997260718914079,0.9985473253391028,0.9948663882147679,0.9581224206506164,0.9878045064808675,0.9965373831881755,0.9991409757297236,0.9973919991832082,0.9826393782100854,0.9984686594264903,0.9959261674381167,0.8720045363189189,0.9941737694312639,0.9984940347358727,0.9988237020133919,0.999316431065477,0.9967963606258194,0.9990043644980586,0.9866012563211309,0.9871040316320536,0.9701075173035799,0.9751798165747962,0.9838054278472812,0.998540084633184,0.9953806379584769,0.9928003726996605,0.981934893377906,0.9923394824506208,0.9923798373647464,0.9973595097650071,0.9959406700283877,0.98960323251376,0.9890412998695922,0.9950129547299268,0.9979766788471004
HBHC,0.9020768499320564,0.9961694729130924,0.9764955925108038,0.9689753217862317,0.972245808249705,0.9990217192162499,0.9989085328469152,0.9970667672042158,0.9956903734556226,0.998866381903044,0.998306030061191,0.9987089680026194,0.996532553279314,0.9938865063525172,0.9979772577233366,0.9965822699350291,0.9973218048452926,0.996406700429313,0.9984791932548525,0.9937261822354486,0.9965867286672595,0.9994474712035953,0.9958211992895171,0.998073022798342,0.9966539989311816,0.9977412273795302,0.9928424160190603,0.9979820888731676,0.9994506119799986,1.0,0.9962995137584989,0.9882259132625795,0.9905788415092132,0.9960406711514159,0.9879157651599529,0.9988308942234893,0.9986668806436951,0.9956811646374756,0.9604271124916807,0.988117929792262,0.9942086904120534,0.9984185947772982,0.9974700550391127,0.9818278242577239,0.9987837578812064,0.9958886109518224,0.8691450076831545,0.9953790405844503,0.9978846667299884,0.9983349679559131,0.9994948691299328,0.9960417883734906,0.9980312843351898,0.9864449837238016,0.9865298986479341,0.9713871155022598,0.9745180528906038,0.9826795186654509,0.9985790581825568,0.9959187044217617,0.9930214364142324,0.9818201822374368,0.9918247303649631,0.9926794923647053,0.996869957095,0.9948487842280285,0.989176691255231,0.9887696314931697,0.9946680587378018,0.9981463513580711
